s (1,1) 18
s (2,1) 24
s (3,1) 37
s (4,1) 24
s (5,1) 21
s (6,1) 28
s (7,1) 48
s (8,1) 50
s (9,1) 26
s (10,1) 38
(1,1) (1,2) 24
(2,1) (2,2) 3
(3,1) (3,2) 8
(4,1) (4,2) 44
(5,1) (5,2) 39
(6,1) (6,2) 22
(7,1) (7,2) 9
(8,1) (8,2) 36
(9,1) (9,2) 8
(10,1) (10,2) 49
(1,2) (1,3) 33
(2,2) (2,3) 14
(3,2) (3,3) 4
(4,2) (4,3) 6
(5,2) (5,3) 23
(6,2) (6,3) 31
(7,2) (7,3) 31
(8,2) (8,3) 26
(9,2) (9,3) 19
(10,2) (10,3) 38
(1,3) (1,4) 28
(2,3) (2,4) 42
(3,3) (3,4) 30
(4,3) (4,4) 14
(5,3) (5,4) 23
(6,3) (6,4) 18
(7,3) (7,4) 43
(8,3) (8,4) 22
(9,3) (9,4) 10
(10,3) (10,4) 34
(1,4) (1,5) 11
(2,4) (2,5) 31
(3,4) (3,5) 33
(4,4) (4,5) 8
(5,4) (5,5) 11
(6,4) (6,5) 4
(7,4) (7,5) 30
(8,4) (8,5) 40
(9,4) (9,5) 12
(10,4) (10,5) 33
(1,5) (1,6) 37
(2,5) (2,6) 42
(3,5) (3,6) 7
(4,5) (4,6) 34
(5,5) (5,6) 50
(6,5) (6,6) 30
(7,5) (7,6) 12
(8,5) (8,6) 31
(9,5) (9,6) 35
(10,5) (10,6) 8
(1,6) (1,7) 34
(2,6) (2,7) 24
(3,6) (3,7) 28
(4,6) (4,7) 24
(5,6) (5,7) 47
(6,6) (6,7) 18
(7,6) (7,7) 10
(8,6) (8,7) 21
(9,6) (9,7) 11
(10,6) (10,7) 49
(1,7) (1,8) 3
(2,7) (2,8) 17
(3,7) (3,8) 25
(4,7) (4,8) 37
(5,7) (5,8) 13
(6,7) (6,8) 30
(7,7) (7,8) 16
(8,7) (8,8) 4
(9,7) (9,8) 11
(10,7) (10,8) 43
(1,8) (1,9) 25
(2,8) (2,9) 47
(3,8) (3,9) 12
(4,8) (4,9) 29
(5,8) (5,9) 4
(6,8) (6,9) 6
(7,8) (7,9) 14
(8,8) (8,9) 37
(9,8) (9,9) 46
(10,8) (10,9) 30
(1,9) (1,10) 37
(2,9) (2,10) 32
(3,9) (3,10) 4
(4,9) (4,10) 2
(5,9) (5,10) 21
(6,9) (6,10) 46
(7,9) (7,10) 10
(8,9) (8,10) 37
(9,9) (9,10) 29
(10,9) (10,10) 33
(1,10) (1,11) 27
(2,10) (2,11) 13
(3,10) (3,11) 12
(4,10) (4,11) 46
(5,10) (5,11) 36
(6,10) (6,11) 50
(7,10) (7,11) 16
(8,10) (8,11) 31
(9,10) (9,11) 42
(10,10) (10,11) 16
(1,11) (1,12) 30
(2,11) (2,12) 12
(3,11) (3,12) 43
(4,11) (4,12) 25
(5,11) (5,12) 1
(6,11) (6,12) 48
(7,11) (7,12) 15
(8,11) (8,12) 40
(9,11) (9,12) 9
(10,11) (10,12) 31
(1,12) (1,13) 17
(2,12) (2,13) 50
(3,12) (3,13) 35
(4,12) (4,13) 42
(5,12) (5,13) 9
(6,12) (6,13) 29
(7,12) (7,13) 14
(8,12) (8,13) 39
(9,12) (9,13) 21
(10,12) (10,13) 45
(1,13) (1,14) 40
(2,13) (2,14) 29
(3,13) (3,14) 32
(4,13) (4,14) 5
(5,13) (5,14) 32
(6,13) (6,14) 42
(7,13) (7,14) 26
(8,13) (8,14) 35
(9,13) (9,14) 19
(10,13) (10,14) 42
(1,14) (1,15) 5
(2,14) (2,15) 37
(3,14) (3,15) 24
(4,14) (4,15) 37
(5,14) (5,15) 31
(6,14) (6,15) 39
(7,14) (7,15) 41
(8,14) (8,15) 46
(9,14) (9,15) 26
(10,14) (10,15) 15
(1,1) (2,1) 45
(2,1) (1,1) 40
(2,1) (3,1) 25
(3,1) (2,1) 28
(3,1) (4,1) 9
(4,1) (3,1) 4
(4,1) (5,1) 48
(5,1) (4,1) 43
(5,1) (6,1) 36
(6,1) (5,1) 13
(6,1) (7,1) 24
(7,1) (6,1) 36
(7,1) (8,1) 19
(8,1) (7,1) 5
(8,1) (9,1) 4
(9,1) (8,1) 7
(9,1) (10,1) 28
(10,1) (9,1) 50
(1,2) (2,2) 31
(2,2) (1,2) 42
(2,2) (3,2) 27
(3,2) (2,2) 42
(3,2) (4,2) 14
(4,2) (3,2) 32
(4,2) (5,2) 48
(5,2) (4,2) 8
(5,2) (6,2) 10
(6,2) (5,2) 3
(6,2) (7,2) 10
(7,2) (6,2) 46
(7,2) (8,2) 36
(8,2) (7,2) 16
(8,2) (9,2) 29
(9,2) (8,2) 1
(9,2) (10,2) 24
(10,2) (9,2) 1
(1,3) (2,3) 7
(2,3) (1,3) 40
(2,3) (3,3) 34
(3,3) (2,3) 9
(3,3) (4,3) 36
(4,3) (3,3) 7
(4,3) (5,3) 34
(5,3) (4,3) 21
(5,3) (6,3) 40
(6,3) (5,3) 2
(6,3) (7,3) 9
(7,3) (6,3) 3
(7,3) (8,3) 25
(8,3) (7,3) 9
(8,3) (9,3) 35
(9,3) (8,3) 35
(9,3) (10,3) 50
(10,3) (9,3) 45
(1,4) (2,4) 47
(2,4) (1,4) 13
(2,4) (3,4) 25
(3,4) (2,4) 34
(3,4) (4,4) 26
(4,4) (3,4) 40
(4,4) (5,4) 24
(5,4) (4,4) 20
(5,4) (6,4) 49
(6,4) (5,4) 11
(6,4) (7,4) 48
(7,4) (6,4) 50
(7,4) (8,4) 28
(8,4) (7,4) 15
(8,4) (9,4) 9
(9,4) (8,4) 17
(9,4) (10,4) 21
(10,4) (9,4) 48
(1,5) (2,5) 36
(2,5) (1,5) 23
(2,5) (3,5) 5
(3,5) (2,5) 16
(3,5) (4,5) 3
(4,5) (3,5) 13
(4,5) (5,5) 21
(5,5) (4,5) 40
(5,5) (6,5) 45
(6,5) (5,5) 14
(6,5) (7,5) 8
(7,5) (6,5) 15
(7,5) (8,5) 22
(8,5) (7,5) 22
(8,5) (9,5) 39
(9,5) (8,5) 12
(9,5) (10,5) 6
(10,5) (9,5) 10
(1,6) (2,6) 42
(2,6) (1,6) 19
(2,6) (3,6) 8
(3,6) (2,6) 13
(3,6) (4,6) 15
(4,6) (3,6) 18
(4,6) (5,6) 6
(5,6) (4,6) 26
(5,6) (6,6) 39
(6,6) (5,6) 48
(6,6) (7,6) 47
(7,6) (6,6) 9
(7,6) (8,6) 48
(8,6) (7,6) 36
(8,6) (9,6) 32
(9,6) (8,6) 44
(9,6) (10,6) 48
(10,6) (9,6) 36
(1,7) (2,7) 7
(2,7) (1,7) 24
(2,7) (3,7) 40
(3,7) (2,7) 3
(3,7) (4,7) 6
(4,7) (3,7) 26
(4,7) (5,7) 4
(5,7) (4,7) 21
(5,7) (6,7) 11
(6,7) (5,7) 37
(6,7) (7,7) 42
(7,7) (6,7) 23
(7,7) (8,7) 17
(8,7) (7,7) 48
(8,7) (9,7) 14
(9,7) (8,7) 46
(9,7) (10,7) 14
(10,7) (9,7) 4
(1,8) (2,8) 41
(2,8) (1,8) 20
(2,8) (3,8) 14
(3,8) (2,8) 31
(3,8) (4,8) 21
(4,8) (3,8) 6
(4,8) (5,8) 39
(5,8) (4,8) 29
(5,8) (6,8) 15
(6,8) (5,8) 21
(6,8) (7,8) 43
(7,8) (6,8) 4
(7,8) (8,8) 40
(8,8) (7,8) 45
(8,8) (9,8) 25
(9,8) (8,8) 23
(9,8) (10,8) 29
(10,8) (9,8) 21
(1,9) (2,9) 43
(2,9) (1,9) 34
(2,9) (3,9) 10
(3,9) (2,9) 11
(3,9) (4,9) 5
(4,9) (3,9) 37
(4,9) (5,9) 38
(5,9) (4,9) 38
(5,9) (6,9) 49
(6,9) (5,9) 44
(6,9) (7,9) 14
(7,9) (6,9) 33
(7,9) (8,9) 23
(8,9) (7,9) 33
(8,9) (9,9) 12
(9,9) (8,9) 6
(9,9) (10,9) 23
(10,9) (9,9) 12
(1,10) (2,10) 5
(2,10) (1,10) 34
(2,10) (3,10) 2
(3,10) (2,10) 3
(3,10) (4,10) 3
(4,10) (3,10) 24
(4,10) (5,10) 1
(5,10) (4,10) 48
(5,10) (6,10) 39
(6,10) (5,10) 35
(6,10) (7,10) 12
(7,10) (6,10) 40
(7,10) (8,10) 6
(8,10) (7,10) 8
(8,10) (9,10) 32
(9,10) (8,10) 11
(9,10) (10,10) 28
(10,10) (9,10) 27
(1,11) (2,11) 33
(2,11) (1,11) 30
(2,11) (3,11) 38
(3,11) (2,11) 19
(3,11) (4,11) 39
(4,11) (3,11) 33
(4,11) (5,11) 10
(5,11) (4,11) 7
(5,11) (6,11) 13
(6,11) (5,11) 18
(6,11) (7,11) 4
(7,11) (6,11) 22
(7,11) (8,11) 19
(8,11) (7,11) 35
(8,11) (9,11) 1
(9,11) (8,11) 1
(9,11) (10,11) 13
(10,11) (9,11) 44
(1,12) (2,12) 2
(2,12) (1,12) 42
(2,12) (3,12) 48
(3,12) (2,12) 37
(3,12) (4,12) 13
(4,12) (3,12) 43
(4,12) (5,12) 38
(5,12) (4,12) 30
(5,12) (6,12) 12
(6,12) (5,12) 26
(6,12) (7,12) 35
(7,12) (6,12) 18
(7,12) (8,12) 32
(8,12) (7,12) 36
(8,12) (9,12) 43
(9,12) (8,12) 31
(9,12) (10,12) 34
(10,12) (9,12) 49
(1,13) (2,13) 7
(2,13) (1,13) 46
(2,13) (3,13) 2
(3,13) (2,13) 14
(3,13) (4,13) 40
(4,13) (3,13) 17
(4,13) (5,13) 9
(5,13) (4,13) 47
(5,13) (6,13) 41
(6,13) (5,13) 47
(6,13) (7,13) 23
(7,13) (6,13) 7
(7,13) (8,13) 41
(8,13) (7,13) 42
(8,13) (9,13) 34
(9,13) (8,13) 43
(9,13) (10,13) 28
(10,13) (9,13) 34
(1,14) (2,14) 11
(2,14) (1,14) 25
(2,14) (3,14) 19
(3,14) (2,14) 18
(3,14) (4,14) 48
(4,14) (3,14) 31
(4,14) (5,14) 36
(5,14) (4,14) 21
(5,14) (6,14) 19
(6,14) (5,14) 12
(6,14) (7,14) 35
(7,14) (6,14) 46
(7,14) (8,14) 15
(8,14) (7,14) 27
(8,14) (9,14) 10
(9,14) (8,14) 38
(9,14) (10,14) 19
(10,14) (9,14) 40
(1,15) (2,15) 20
(2,15) (1,15) 8
(2,15) (3,15) 21
(3,15) (2,15) 16
(3,15) (4,15) 42
(4,15) (3,15) 19
(4,15) (5,15) 20
(5,15) (4,15) 34
(5,15) (6,15) 6
(6,15) (5,15) 27
(6,15) (7,15) 47
(7,15) (6,15) 22
(7,15) (8,15) 8
(8,15) (7,15) 48
(8,15) (9,15) 33
(9,15) (8,15) 4
(9,15) (10,15) 49
(10,15) (9,15) 17
(1,15) t 38
(2,15) t 31
(3,15) t 20
(4,15) t 31
(5,15) t 46
(6,15) t 41
(7,15) t 48
(8,15) t 21
(9,15) t 13
(10,15) t 25
