s (1,1) 16
s (2,1) 19
s (3,1) 10
s (4,1) 3
s (5,1) 49
(1,1) (1,2) 37
(2,1) (2,2) 20
(3,1) (3,2) 18
(4,1) (4,2) 4
(5,1) (5,2) 20
(1,2) (1,3) 28
(2,2) (2,3) 15
(3,2) (3,3) 12
(4,2) (4,3) 33
(5,2) (5,3) 7
(1,3) (1,4) 45
(2,3) (2,4) 25
(3,3) (3,4) 11
(4,3) (4,4) 21
(5,3) (5,4) 35
(1,4) (1,5) 31
(2,4) (2,5) 13
(3,4) (3,5) 23
(4,4) (4,5) 19
(5,4) (5,5) 6
(1,5) (1,6) 26
(2,5) (2,6) 48
(3,5) (3,6) 19
(4,5) (4,6) 39
(5,5) (5,6) 20
(1,6) (1,7) 40
(2,6) (2,7) 27
(3,6) (3,7) 3
(4,6) (4,7) 42
(5,6) (5,7) 9
(1,7) (1,8) 27
(2,7) (2,8) 12
(3,7) (3,8) 3
(4,7) (4,8) 4
(5,7) (5,8) 44
(1,8) (1,9) 29
(2,8) (2,9) 1
(3,8) (3,9) 2
(4,8) (4,9) 40
(5,8) (5,9) 15
(1,9) (1,10) 16
(2,9) (2,10) 4
(3,9) (3,10) 46
(4,9) (4,10) 21
(5,9) (5,10) 22
(1,1) (2,1) 2
(2,1) (1,1) 46
(2,1) (3,1) 31
(3,1) (2,1) 36
(3,1) (4,1) 17
(4,1) (3,1) 18
(4,1) (5,1) 17
(5,1) (4,1) 41
(1,2) (2,2) 36
(2,2) (1,2) 37
(2,2) (3,2) 2
(3,2) (2,2) 13
(3,2) (4,2) 47
(4,2) (3,2) 20
(4,2) (5,2) 26
(5,2) (4,2) 11
(1,3) (2,3) 39
(2,3) (1,3) 38
(2,3) (3,3) 6
(3,3) (2,3) 41
(3,3) (4,3) 13
(4,3) (3,3) 7
(4,3) (5,3) 31
(5,3) (4,3) 41
(1,4) (2,4) 7
(2,4) (1,4) 25
(2,4) (3,4) 12
(3,4) (2,4) 49
(3,4) (4,4) 16
(4,4) (3,4) 31
(4,4) (5,4) 39
(5,4) (4,4) 43
(1,5) (2,5) 39
(2,5) (1,5) 6
(2,5) (3,5) 16
(3,5) (2,5) 30
(3,5) (4,5) 31
(4,5) (3,5) 49
(4,5) (5,5) 1
(5,5) (4,5) 30
(1,6) (2,6) 7
(2,6) (1,6) 38
(2,6) (3,6) 43
(3,6) (2,6) 21
(3,6) (4,6) 17
(4,6) (3,6) 11
(4,6) (5,6) 13
(5,6) (4,6) 32
(1,7) (2,7) 32
(2,7) (1,7) 5
(2,7) (3,7) 41
(3,7) (2,7) 12
(3,7) (4,7) 4
(4,7) (3,7) 5
(4,7) (5,7) 12
(5,7) (4,7) 42
(1,8) (2,8) 19
(2,8) (1,8) 27
(2,8) (3,8) 44
(3,8) (2,8) 32
(3,8) (4,8) 32
(4,8) (3,8) 38
(4,8) (5,8) 45
(5,8) (4,8) 12
(1,9) (2,9) 36
(2,9) (1,9) 38
(2,9) (3,9) 2
(3,9) (2,9) 16
(3,9) (4,9) 48
(4,9) (3,9) 33
(4,9) (5,9) 38
(5,9) (4,9) 33
(1,10) (2,10) 29
(2,10) (1,10) 30
(2,10) (3,10) 32
(3,10) (2,10) 20
(3,10) (4,10) 15
(4,10) (3,10) 49
(4,10) (5,10) 11
(5,10) (4,10) 15
(1,10) t 16
(2,10) t 31
(3,10) t 5
(4,10) t 26
(5,10) t 13
