s (1,1) 10
s (2,1) 42
s (3,1) 30
s (4,1) 43
s (5,1) 12
(1,1) (1,2) 38
(2,1) (2,2) 20
(3,1) (3,2) 16
(4,1) (4,2) 6
(5,1) (5,2) 37
(1,2) (1,3) 18
(2,2) (2,3) 29
(3,2) (3,3) 35
(4,2) (4,3) 13
(5,2) (5,3) 43
(1,3) (1,4) 4
(2,3) (2,4) 50
(3,3) (3,4) 20
(4,3) (4,4) 29
(5,3) (5,4) 28
(1,4) (1,5) 36
(2,4) (2,5) 45
(3,4) (3,5) 18
(4,4) (4,5) 41
(5,4) (5,5) 28
(1,1) (2,1) 38
(2,1) (1,1) 11
(2,1) (3,1) 40
(3,1) (2,1) 6
(3,1) (4,1) 41
(4,1) (3,1) 39
(4,1) (5,1) 16
(5,1) (4,1) 40
(1,2) (2,2) 34
(2,2) (1,2) 23
(2,2) (3,2) 12
(3,2) (2,2) 41
(3,2) (4,2) 7
(4,2) (3,2) 31
(4,2) (5,2) 45
(5,2) (4,2) 6
(1,3) (2,3) 7
(2,3) (1,3) 29
(2,3) (3,3) 23
(3,3) (2,3) 19
(3,3) (4,3) 24
(4,3) (3,3) 6
(4,3) (5,3) 7
(5,3) (4,3) 27
(1,4) (2,4) 12
(2,4) (1,4) 37
(2,4) (3,4) 12
(3,4) (2,4) 33
(3,4) (4,4) 21
(4,4) (3,4) 2
(4,4) (5,4) 47
(5,4) (4,4) 39
(1,5) (2,5) 37
(2,5) (1,5) 2
(2,5) (3,5) 32
(3,5) (2,5) 26
(3,5) (4,5) 18
(4,5) (3,5) 38
(4,5) (5,5) 38
(5,5) (4,5) 44
(1,5) t 3
(2,5) t 34
(3,5) t 16
(4,5) t 13
(5,5) t 36
