s (1,1) 28
s (2,1) 34
s (3,1) 15
(1,1) (1,2) 44
(2,1) (2,2) 9
(3,1) (3,2) 49
(1,2) (1,3) 5
(2,2) (2,3) 17
(3,2) (3,3) 8
(1,3) (1,4) 8
(2,3) (2,4) 41
(3,3) (3,4) 34
(1,4) (1,5) 27
(2,4) (2,5) 28
(3,4) (3,5) 1
(1,5) (1,6) 33
(2,5) (2,6) 11
(3,5) (3,6) 42
(1,6) (1,7) 32
(2,6) (2,7) 16
(3,6) (3,7) 37
(1,7) (1,8) 39
(2,7) (2,8) 48
(3,7) (3,8) 4
(1,8) (1,9) 13
(2,8) (2,9) 4
(3,8) (3,9) 10
(1,9) (1,10) 21
(2,9) (2,10) 35
(3,9) (3,10) 21
(1,1) (2,1) 37
(2,1) (1,1) 26
(2,1) (3,1) 13
(3,1) (2,1) 17
(1,2) (2,2) 45
(2,2) (1,2) 8
(2,2) (3,2) 30
(3,2) (2,2) 47
(1,3) (2,3) 20
(2,3) (1,3) 22
(2,3) (3,3) 39
(3,3) (2,3) 5
(1,4) (2,4) 37
(2,4) (1,4) 30
(2,4) (3,4) 50
(3,4) (2,4) 49
(1,5) (2,5) 27
(2,5) (1,5) 2
(2,5) (3,5) 30
(3,5) (2,5) 39
(1,6) (2,6) 30
(2,6) (1,6) 37
(2,6) (3,6) 25
(3,6) (2,6) 47
(1,7) (2,7) 47
(2,7) (1,7) 12
(2,7) (3,7) 8
(3,7) (2,7) 11
(1,8) (2,8) 47
(2,8) (1,8) 37
(2,8) (3,8) 46
(3,8) (2,8) 34
(1,9) (2,9) 15
(2,9) (1,9) 26
(2,9) (3,9) 50
(3,9) (2,9) 3
(1,10) (2,10) 2
(2,10) (1,10) 4
(2,10) (3,10) 36
(3,10) (2,10) 37
(1,10) t 32
(2,10) t 24
(3,10) t 27
