s (1,1) 3
s (2,1) 16
s (3,1) 4
s (4,1) 5
s (5,1) 24
(1,1) (1,2) 27
(2,1) (2,2) 15
(3,1) (3,2) 26
(4,1) (4,2) 21
(5,1) (5,2) 2
(1,2) (1,3) 22
(2,2) (2,3) 13
(3,2) (3,3) 14
(4,2) (4,3) 20
(5,2) (5,3) 22
(1,3) (1,4) 9
(2,3) (2,4) 20
(3,3) (3,4) 4
(4,3) (4,4) 20
(5,3) (5,4) 8
(1,4) (1,5) 19
(2,4) (2,5) 27
(3,4) (3,5) 4
(4,4) (4,5) 21
(5,4) (5,5) 19
(1,5) (1,6) 19
(2,5) (2,6) 14
(3,5) (3,6) 5
(4,5) (4,6) 11
(5,5) (5,6) 3
(1,6) (1,7) 27
(2,6) (2,7) 3
(3,6) (3,7) 7
(4,6) (4,7) 19
(5,6) (5,7) 5
(1,7) (1,8) 19
(2,7) (2,8) 21
(3,7) (3,8) 12
(4,7) (4,8) 29
(5,7) (5,8) 9
(1,8) (1,9) 6
(2,8) (2,9) 1
(3,8) (3,9) 4
(4,8) (4,9) 16
(5,8) (5,9) 5
(1,9) (1,10) 15
(2,9) (2,10) 2
(3,9) (3,10) 7
(4,9) (4,10) 26
(5,9) (5,10) 4
(1,1) (2,1) 15
(2,1) (1,1) 18
(2,1) (3,1) 12
(3,1) (2,1) 7
(3,1) (4,1) 13
(4,1) (3,1) 26
(4,1) (5,1) 5
(5,1) (4,1) 23
(1,2) (2,2) 9
(2,2) (1,2) 11
(2,2) (3,2) 26
(3,2) (2,2) 15
(3,2) (4,2) 6
(4,2) (3,2) 23
(4,2) (5,2) 15
(5,2) (4,2) 28
(1,3) (2,3) 5
(2,3) (1,3) 4
(2,3) (3,3) 7
(3,3) (2,3) 12
(3,3) (4,3) 30
(4,3) (3,3) 28
(4,3) (5,3) 9
(5,3) (4,3) 12
(1,4) (2,4) 19
(2,4) (1,4) 25
(2,4) (3,4) 12
(3,4) (2,4) 11
(3,4) (4,4) 30
(4,4) (3,4) 21
(4,4) (5,4) 16
(5,4) (4,4) 4
(1,5) (2,5) 17
(2,5) (1,5) 5
(2,5) (3,5) 17
(3,5) (2,5) 16
(3,5) (4,5) 13
(4,5) (3,5) 23
(4,5) (5,5) 28
(5,5) (4,5) 19
(1,6) (2,6) 24
(2,6) (1,6) 2
(2,6) (3,6) 17
(3,6) (2,6) 26
(3,6) (4,6) 29
(4,6) (3,6) 24
(4,6) (5,6) 26
(5,6) (4,6) 2
(1,7) (2,7) 13
(2,7) (1,7) 6
(2,7) (3,7) 26
(3,7) (2,7) 24
(3,7) (4,7) 17
(4,7) (3,7) 19
(4,7) (5,7) 8
(5,7) (4,7) 19
(1,8) (2,8) 26
(2,8) (1,8) 26
(2,8) (3,8) 12
(3,8) (2,8) 20
(3,8) (4,8) 24
(4,8) (3,8) 25
(4,8) (5,8) 1
(5,8) (4,8) 26
(1,9) (2,9) 25
(2,9) (1,9) 8
(2,9) (3,9) 21
(3,9) (2,9) 27
(3,9) (4,9) 12
(4,9) (3,9) 21
(4,9) (5,9) 14
(5,9) (4,9) 29
(1,10) (2,10) 30
(2,10) (1,10) 10
(2,10) (3,10) 19
(3,10) (2,10) 17
(3,10) (4,10) 19
(4,10) (3,10) 20
(4,10) (5,10) 25
(5,10) (4,10) 25
(1,10) t 26
(2,10) t 13
(3,10) t 10
(4,10) t 3
(5,10) t 18
