s (1,1) 10
s (2,1) 13
s (3,1) 25
s (4,1) 29
s (5,1) 2
s (6,1) 27
s (7,1) 4
s (8,1) 29
s (9,1) 2
s (10,1) 21
s (11,1) 2
s (12,1) 29
s (13,1) 26
s (14,1) 6
s (15,1) 2
s (16,1) 13
s (17,1) 11
s (18,1) 30
s (19,1) 7
s (20,1) 8
s (21,1) 1
s (22,1) 27
s (23,1) 1
s (24,1) 1
s (25,1) 14
(1,1) (1,2) 14
(2,1) (2,2) 15
(3,1) (3,2) 20
(4,1) (4,2) 16
(5,1) (5,2) 18
(6,1) (6,2) 20
(7,1) (7,2) 17
(8,1) (8,2) 12
(9,1) (9,2) 10
(10,1) (10,2) 21
(11,1) (11,2) 16
(12,1) (12,2) 11
(13,1) (13,2) 26
(14,1) (14,2) 12
(15,1) (15,2) 23
(16,1) (16,2) 9
(17,1) (17,2) 11
(18,1) (18,2) 22
(19,1) (19,2) 11
(20,1) (20,2) 18
(21,1) (21,2) 13
(22,1) (22,2) 10
(23,1) (23,2) 8
(24,1) (24,2) 4
(25,1) (25,2) 3
(1,2) (1,3) 7
(2,2) (2,3) 19
(3,2) (3,3) 19
(4,2) (4,3) 17
(5,2) (5,3) 26
(6,2) (6,3) 8
(7,2) (7,3) 22
(8,2) (8,3) 20
(9,2) (9,3) 16
(10,2) (10,3) 21
(11,2) (11,3) 16
(12,2) (12,3) 22
(13,2) (13,3) 2
(14,2) (14,3) 29
(15,2) (15,3) 3
(16,2) (16,3) 14
(17,2) (17,3) 30
(18,2) (18,3) 28
(19,2) (19,3) 7
(20,2) (20,3) 2
(21,2) (21,3) 23
(22,2) (22,3) 20
(23,2) (23,3) 26
(24,2) (24,3) 7
(25,2) (25,3) 2
(1,3) (1,4) 28
(2,3) (2,4) 9
(3,3) (3,4) 6
(4,3) (4,4) 25
(5,3) (5,4) 29
(6,3) (6,4) 1
(7,3) (7,4) 12
(8,3) (8,4) 17
(9,3) (9,4) 13
(10,3) (10,4) 20
(11,3) (11,4) 13
(12,3) (12,4) 19
(13,3) (13,4) 6
(14,3) (14,4) 27
(15,3) (15,4) 25
(16,3) (16,4) 15
(17,3) (17,4) 14
(18,3) (18,4) 2
(19,3) (19,4) 23
(20,3) (20,4) 9
(21,3) (21,4) 18
(22,3) (22,4) 30
(23,3) (23,4) 22
(24,3) (24,4) 8
(25,3) (25,4) 16
(1,4) (1,5) 26
(2,4) (2,5) 2
(3,4) (3,5) 4
(4,4) (4,5) 5
(5,4) (5,5) 18
(6,4) (6,5) 29
(7,4) (7,5) 23
(8,4) (8,5) 14
(9,4) (9,5) 13
(10,4) (10,5) 20
(11,4) (11,5) 1
(12,4) (12,5) 7
(13,4) (13,5) 5
(14,4) (14,5) 20
(15,4) (15,5) 1
(16,4) (16,5) 11
(17,4) (17,5) 24
(18,4) (18,5) 17
(19,4) (19,5) 26
(20,4) (20,5) 12
(21,4) (21,5) 17
(22,4) (22,5) 15
(23,4) (23,5) 1
(24,4) (24,5) 12
(25,4) (25,5) 14
(1,5) (1,6) 24
(2,5) (2,6) 24
(3,5) (3,6) 6
(4,5) (4,6) 9
(5,5) (5,6) 13
(6,5) (6,6) 22
(7,5) (7,6) 16
(8,5) (8,6) 24
(9,5) (9,6) 2
(10,5) (10,6) 18
(11,5) (11,6) 23
(12,5) (12,6) 4
(13,5) (13,6) 20
(14,5) (14,6) 18
(15,5) (15,6) 28
(16,5) (16,6) 12
(17,5) (17,6) 23
(18,5) (18,6) 4
(19,5) (19,6) 5
(20,5) (20,6) 21
(21,5) (21,6) 29
(22,5) (22,6) 14
(23,5) (23,6) 23
(24,5) (24,6) 13
(25,5) (25,6) 13
(1,6) (1,7) 17
(2,6) (2,7) 20
(3,6) (3,7) 21
(4,6) (4,7) 6
(5,6) (5,7) 21
(6,6) (6,7) 29
(7,6) (7,7) 18
(8,6) (8,7) 3
(9,6) (9,7) 13
(10,6) (10,7) 4
(11,6) (11,7) 29
(12,6) (12,7) 30
(13,6) (13,7) 20
(14,6) (14,7) 26
(15,6) (15,7) 23
(16,6) (16,7) 28
(17,6) (17,7) 27
(18,6) (18,7) 5
(19,6) (19,7) 28
(20,6) (20,7) 23
(21,6) (21,7) 5
(22,6) (22,7) 14
(23,6) (23,7) 14
(24,6) (24,7) 5
(25,6) (25,7) 13
(1,7) (1,8) 8
(2,7) (2,8) 21
(3,7) (3,8) 16
(4,7) (4,8) 27
(5,7) (5,8) 11
(6,7) (6,8) 3
(7,7) (7,8) 22
(8,7) (8,8) 8
(9,7) (9,8) 20
(10,7) (10,8) 10
(11,7) (11,8) 29
(12,7) (12,8) 20
(13,7) (13,8) 7
(14,7) (14,8) 19
(15,7) (15,8) 21
(16,7) (16,8) 19
(17,7) (17,8) 12
(18,7) (18,8) 22
(19,7) (19,8) 7
(20,7) (20,8) 21
(21,7) (21,8) 16
(22,7) (22,8) 4
(23,7) (23,8) 21
(24,7) (24,8) 21
(25,7) (25,8) 4
(1,8) (1,9) 5
(2,8) (2,9) 17
(3,8) (3,9) 25
(4,8) (4,9) 17
(5,8) (5,9) 19
(6,8) (6,9) 7
(7,8) (7,9) 8
(8,8) (8,9) 21
(9,8) (9,9) 13
(10,8) (10,9) 24
(11,8) (11,9) 30
(12,8) (12,9) 21
(13,8) (13,9) 15
(14,8) (14,9) 6
(15,8) (15,9) 9
(16,8) (16,9) 11
(17,8) (17,9) 30
(18,8) (18,9) 24
(19,8) (19,9) 15
(20,8) (20,9) 5
(21,8) (21,9) 14
(22,8) (22,9) 16
(23,8) (23,9) 14
(24,8) (24,9) 12
(25,8) (25,9) 25
(1,9) (1,10) 16
(2,9) (2,10) 24
(3,9) (3,10) 12
(4,9) (4,10) 23
(5,9) (5,10) 17
(6,9) (6,10) 8
(7,9) (7,10) 28
(8,9) (8,10) 13
(9,9) (9,10) 8
(10,9) (10,10) 6
(11,9) (11,10) 3
(12,9) (12,10) 9
(13,9) (13,10) 15
(14,9) (14,10) 20
(15,9) (15,10) 16
(16,9) (16,10) 16
(17,9) (17,10) 27
(18,9) (18,10) 9
(19,9) (19,10) 1
(20,9) (20,10) 30
(21,9) (21,10) 3
(22,9) (22,10) 20
(23,9) (23,10) 6
(24,9) (24,10) 11
(25,9) (25,10) 1
(1,1) (2,1) 28
(2,1) (1,1) 29
(2,1) (3,1) 11
(3,1) (2,1) 26
(3,1) (4,1) 24
(4,1) (3,1) 19
(4,1) (5,1) 9
(5,1) (4,1) 9
(5,1) (6,1) 2
(6,1) (5,1) 23
(6,1) (7,1) 26
(7,1) (6,1) 24
(7,1) (8,1) 14
(8,1) (7,1) 24
(8,1) (9,1) 27
(9,1) (8,1) 13
(9,1) (10,1) 16
(10,1) (9,1) 1
(10,1) (11,1) 6
(11,1) (10,1) 19
(11,1) (12,1) 19
(12,1) (11,1) 16
(12,1) (13,1) 5
(13,1) (12,1) 6
(13,1) (14,1) 25
(14,1) (13,1) 26
(14,1) (15,1) 4
(15,1) (14,1) 9
(15,1) (16,1) 27
(16,1) (15,1) 25
(16,1) (17,1) 16
(17,1) (16,1) 29
(17,1) (18,1) 17
(18,1) (17,1) 9
(18,1) (19,1) 8
(19,1) (18,1) 5
(19,1) (20,1) 13
(20,1) (19,1) 23
(20,1) (21,1) 28
(21,1) (20,1) 23
(21,1) (22,1) 15
(22,1) (21,1) 18
(22,1) (23,1) 25
(23,1) (22,1) 15
(23,1) (24,1) 12
(24,1) (23,1) 5
(24,1) (25,1) 12
(25,1) (24,1) 7
(1,2) (2,2) 14
(2,2) (1,2) 2
(2,2) (3,2) 21
(3,2) (2,2) 21
(3,2) (4,2) 7
(4,2) (3,2) 4
(4,2) (5,2) 25
(5,2) (4,2) 6
(5,2) (6,2) 6
(6,2) (5,2) 28
(6,2) (7,2) 17
(7,2) (6,2) 21
(7,2) (8,2) 16
(8,2) (7,2) 12
(8,2) (9,2) 28
(9,2) (8,2) 25
(9,2) (10,2) 13
(10,2) (9,2) 21
(10,2) (11,2) 10
(11,2) (10,2) 21
(11,2) (12,2) 18
(12,2) (11,2) 5
(12,2) (13,2) 19
(13,2) (12,2) 8
(13,2) (14,2) 8
(14,2) (13,2) 19
(14,2) (15,2) 30
(15,2) (14,2) 6
(15,2) (16,2) 15
(16,2) (15,2) 29
(16,2) (17,2) 10
(17,2) (16,2) 8
(17,2) (18,2) 7
(18,2) (17,2) 3
(18,2) (19,2) 10
(19,2) (18,2) 8
(19,2) (20,2) 21
(20,2) (19,2) 12
(20,2) (21,2) 8
(21,2) (20,2) 15
(21,2) (22,2) 26
(22,2) (21,2) 15
(22,2) (23,2) 4
(23,2) (22,2) 14
(23,2) (24,2) 25
(24,2) (23,2) 9
(24,2) (25,2) 4
(25,2) (24,2) 20
(1,3) (2,3) 7
(2,3) (1,3) 29
(2,3) (3,3) 25
(3,3) (2,3) 13
(3,3) (4,3) 7
(4,3) (3,3) 13
(4,3) (5,3) 20
(5,3) (4,3) 16
(5,3) (6,3) 9
(6,3) (5,3) 17
(6,3) (7,3) 5
(7,3) (6,3) 17
(7,3) (8,3) 21
(8,3) (7,3) 17
(8,3) (9,3) 25
(9,3) (8,3) 27
(9,3) (10,3) 14
(10,3) (9,3) 29
(10,3) (11,3) 1
(11,3) (10,3) 5
(11,3) (12,3) 23
(12,3) (11,3) 7
(12,3) (13,3) 22
(13,3) (12,3) 2
(13,3) (14,3) 14
(14,3) (13,3) 27
(14,3) (15,3) 22
(15,3) (14,3) 3
(15,3) (16,3) 19
(16,3) (15,3) 26
(16,3) (17,3) 10
(17,3) (16,3) 19
(17,3) (18,3) 12
(18,3) (17,3) 29
(18,3) (19,3) 19
(19,3) (18,3) 24
(19,3) (20,3) 29
(20,3) (19,3) 12
(20,3) (21,3) 19
(21,3) (20,3) 24
(21,3) (22,3) 1
(22,3) (21,3) 7
(22,3) (23,3) 9
(23,3) (22,3) 7
(23,3) (24,3) 29
(24,3) (23,3) 25
(24,3) (25,3) 14
(25,3) (24,3) 21
(1,4) (2,4) 22
(2,4) (1,4) 6
(2,4) (3,4) 1
(3,4) (2,4) 21
(3,4) (4,4) 4
(4,4) (3,4) 1
(4,4) (5,4) 18
(5,4) (4,4) 28
(5,4) (6,4) 2
(6,4) (5,4) 14
(6,4) (7,4) 21
(7,4) (6,4) 8
(7,4) (8,4) 14
(8,4) (7,4) 3
(8,4) (9,4) 26
(9,4) (8,4) 22
(9,4) (10,4) 30
(10,4) (9,4) 21
(10,4) (11,4) 1
(11,4) (10,4) 18
(11,4) (12,4) 1
(12,4) (11,4) 21
(12,4) (13,4) 7
(13,4) (12,4) 5
(13,4) (14,4) 7
(14,4) (13,4) 11
(14,4) (15,4) 14
(15,4) (14,4) 20
(15,4) (16,4) 7
(16,4) (15,4) 18
(16,4) (17,4) 22
(17,4) (16,4) 17
(17,4) (18,4) 18
(18,4) (17,4) 11
(18,4) (19,4) 3
(19,4) (18,4) 24
(19,4) (20,4) 27
(20,4) (19,4) 6
(20,4) (21,4) 11
(21,4) (20,4) 21
(21,4) (22,4) 17
(22,4) (21,4) 26
(22,4) (23,4) 29
(23,4) (22,4) 3
(23,4) (24,4) 15
(24,4) (23,4) 17
(24,4) (25,4) 5
(25,4) (24,4) 2
(1,5) (2,5) 22
(2,5) (1,5) 22
(2,5) (3,5) 4
(3,5) (2,5) 11
(3,5) (4,5) 9
(4,5) (3,5) 6
(4,5) (5,5) 1
(5,5) (4,5) 20
(5,5) (6,5) 15
(6,5) (5,5) 22
(6,5) (7,5) 14
(7,5) (6,5) 30
(7,5) (8,5) 22
(8,5) (7,5) 20
(8,5) (9,5) 3
(9,5) (8,5) 1
(9,5) (10,5) 3
(10,5) (9,5) 20
(10,5) (11,5) 1
(11,5) (10,5) 15
(11,5) (12,5) 8
(12,5) (11,5) 1
(12,5) (13,5) 2
(13,5) (12,5) 16
(13,5) (14,5) 13
(14,5) (13,5) 10
(14,5) (15,5) 16
(15,5) (14,5) 10
(15,5) (16,5) 16
(16,5) (15,5) 4
(16,5) (17,5) 2
(17,5) (16,5) 18
(17,5) (18,5) 23
(18,5) (17,5) 2
(18,5) (19,5) 3
(19,5) (18,5) 9
(19,5) (20,5) 15
(20,5) (19,5) 4
(20,5) (21,5) 6
(21,5) (20,5) 2
(21,5) (22,5) 23
(22,5) (21,5) 21
(22,5) (23,5) 24
(23,5) (22,5) 12
(23,5) (24,5) 28
(24,5) (23,5) 23
(24,5) (25,5) 20
(25,5) (24,5) 13
(1,6) (2,6) 18
(2,6) (1,6) 23
(2,6) (3,6) 9
(3,6) (2,6) 15
(3,6) (4,6) 17
(4,6) (3,6) 7
(4,6) (5,6) 27
(5,6) (4,6) 4
(5,6) (6,6) 27
(6,6) (5,6) 2
(6,6) (7,6) 25
(7,6) (6,6) 10
(7,6) (8,6) 8
(8,6) (7,6) 17
(8,6) (9,6) 1
(9,6) (8,6) 18
(9,6) (10,6) 12
(10,6) (9,6) 25
(10,6) (11,6) 9
(11,6) (10,6) 30
(11,6) (12,6) 17
(12,6) (11,6) 30
(12,6) (13,6) 30
(13,6) (12,6) 19
(13,6) (14,6) 18
(14,6) (13,6) 30
(14,6) (15,6) 24
(15,6) (14,6) 30
(15,6) (16,6) 30
(16,6) (15,6) 10
(16,6) (17,6) 22
(17,6) (16,6) 28
(17,6) (18,6) 24
(18,6) (17,6) 12
(18,6) (19,6) 5
(19,6) (18,6) 10
(19,6) (20,6) 4
(20,6) (19,6) 10
(20,6) (21,6) 14
(21,6) (20,6) 1
(21,6) (22,6) 3
(22,6) (21,6) 26
(22,6) (23,6) 11
(23,6) (22,6) 24
(23,6) (24,6) 15
(24,6) (23,6) 3
(24,6) (25,6) 4
(25,6) (24,6) 6
(1,7) (2,7) 15
(2,7) (1,7) 20
(2,7) (3,7) 26
(3,7) (2,7) 11
(3,7) (4,7) 3
(4,7) (3,7) 5
(4,7) (5,7) 11
(5,7) (4,7) 18
(5,7) (6,7) 20
(6,7) (5,7) 21
(6,7) (7,7) 14
(7,7) (6,7) 22
(7,7) (8,7) 4
(8,7) (7,7) 19
(8,7) (9,7) 15
(9,7) (8,7) 14
(9,7) (10,7) 16
(10,7) (9,7) 9
(10,7) (11,7) 12
(11,7) (10,7) 2
(11,7) (12,7) 9
(12,7) (11,7) 3
(12,7) (13,7) 27
(13,7) (12,7) 24
(13,7) (14,7) 20
(14,7) (13,7) 12
(14,7) (15,7) 6
(15,7) (14,7) 15
(15,7) (16,7) 19
(16,7) (15,7) 9
(16,7) (17,7) 9
(17,7) (16,7) 29
(17,7) (18,7) 16
(18,7) (17,7) 12
(18,7) (19,7) 4
(19,7) (18,7) 26
(19,7) (20,7) 7
(20,7) (19,7) 6
(20,7) (21,7) 11
(21,7) (20,7) 19
(21,7) (22,7) 11
(22,7) (21,7) 8
(22,7) (23,7) 12
(23,7) (22,7) 11
(23,7) (24,7) 14
(24,7) (23,7) 17
(24,7) (25,7) 25
(25,7) (24,7) 23
(1,8) (2,8) 9
(2,8) (1,8) 3
(2,8) (3,8) 21
(3,8) (2,8) 7
(3,8) (4,8) 20
(4,8) (3,8) 13
(4,8) (5,8) 3
(5,8) (4,8) 18
(5,8) (6,8) 1
(6,8) (5,8) 10
(6,8) (7,8) 16
(7,8) (6,8) 9
(7,8) (8,8) 2
(8,8) (7,8) 28
(8,8) (9,8) 10
(9,8) (8,8) 9
(9,8) (10,8) 16
(10,8) (9,8) 25
(10,8) (11,8) 5
(11,8) (10,8) 24
(11,8) (12,8) 19
(12,8) (11,8) 6
(12,8) (13,8) 28
(13,8) (12,8) 5
(13,8) (14,8) 18
(14,8) (13,8) 3
(14,8) (15,8) 14
(15,8) (14,8) 11
(15,8) (16,8) 14
(16,8) (15,8) 20
(16,8) (17,8) 19
(17,8) (16,8) 1
(17,8) (18,8) 27
(18,8) (17,8) 12
(18,8) (19,8) 24
(19,8) (18,8) 27
(19,8) (20,8) 1
(20,8) (19,8) 17
(20,8) (21,8) 27
(21,8) (20,8) 11
(21,8) (22,8) 5
(22,8) (21,8) 3
(22,8) (23,8) 4
(23,8) (22,8) 12
(23,8) (24,8) 3
(24,8) (23,8) 15
(24,8) (25,8) 19
(25,8) (24,8) 26
(1,9) (2,9) 2
(2,9) (1,9) 12
(2,9) (3,9) 19
(3,9) (2,9) 11
(3,9) (4,9) 15
(4,9) (3,9) 11
(4,9) (5,9) 4
(5,9) (4,9) 13
(5,9) (6,9) 23
(6,9) (5,9) 23
(6,9) (7,9) 28
(7,9) (6,9) 22
(7,9) (8,9) 24
(8,9) (7,9) 27
(8,9) (9,9) 18
(9,9) (8,9) 9
(9,9) (10,9) 21
(10,9) (9,9) 6
(10,9) (11,9) 1
(11,9) (10,9) 23
(11,9) (12,9) 16
(12,9) (11,9) 6
(12,9) (13,9) 16
(13,9) (12,9) 22
(13,9) (14,9) 25
(14,9) (13,9) 29
(14,9) (15,9) 27
(15,9) (14,9) 6
(15,9) (16,9) 15
(16,9) (15,9) 2
(16,9) (17,9) 29
(17,9) (16,9) 26
(17,9) (18,9) 3
(18,9) (17,9) 9
(18,9) (19,9) 27
(19,9) (18,9) 7
(19,9) (20,9) 13
(20,9) (19,9) 20
(20,9) (21,9) 6
(21,9) (20,9) 25
(21,9) (22,9) 1
(22,9) (21,9) 2
(22,9) (23,9) 11
(23,9) (22,9) 10
(23,9) (24,9) 2
(24,9) (23,9) 9
(24,9) (25,9) 14
(25,9) (24,9) 18
(1,10) (2,10) 11
(2,10) (1,10) 23
(2,10) (3,10) 9
(3,10) (2,10) 14
(3,10) (4,10) 17
(4,10) (3,10) 11
(4,10) (5,10) 13
(5,10) (4,10) 12
(5,10) (6,10) 10
(6,10) (5,10) 10
(6,10) (7,10) 23
(7,10) (6,10) 25
(7,10) (8,10) 30
(8,10) (7,10) 24
(8,10) (9,10) 17
(9,10) (8,10) 21
(9,10) (10,10) 22
(10,10) (9,10) 19
(10,10) (11,10) 9
(11,10) (10,10) 7
(11,10) (12,10) 4
(12,10) (11,10) 1
(12,10) (13,10) 12
(13,10) (12,10) 24
(13,10) (14,10) 12
(14,10) (13,10) 14
(14,10) (15,10) 11
(15,10) (14,10) 14
(15,10) (16,10) 16
(16,10) (15,10) 22
(16,10) (17,10) 14
(17,10) (16,10) 27
(17,10) (18,10) 22
(18,10) (17,10) 1
(18,10) (19,10) 7
(19,10) (18,10) 18
(19,10) (20,10) 13
(20,10) (19,10) 29
(20,10) (21,10) 4
(21,10) (20,10) 22
(21,10) (22,10) 25
(22,10) (21,10) 20
(22,10) (23,10) 16
(23,10) (22,10) 12
(23,10) (24,10) 16
(24,10) (23,10) 16
(24,10) (25,10) 27
(25,10) (24,10) 13
(1,10) t 22
(2,10) t 8
(3,10) t 5
(4,10) t 29
(5,10) t 17
(6,10) t 6
(7,10) t 5
(8,10) t 23
(9,10) t 11
(10,10) t 27
(11,10) t 8
(12,10) t 20
(13,10) t 26
(14,10) t 9
(15,10) t 23
(16,10) t 18
(17,10) t 14
(18,10) t 13
(19,10) t 27
(20,10) t 5
(21,10) t 15
(22,10) t 14
(23,10) t 29
(24,10) t 20
(25,10) t 19
