s (1,1) 28
s (2,1) 20
s (3,1) 12
(1,1) (1,2) 20
(2,1) (2,2) 1
(3,1) (3,2) 47
(1,2) (1,3) 34
(2,2) (2,3) 7
(3,2) (3,3) 17
(1,3) (1,4) 41
(2,3) (2,4) 28
(3,3) (3,4) 46
(1,4) (1,5) 34
(2,4) (2,5) 11
(3,4) (3,5) 50
(1,1) (2,1) 36
(2,1) (1,1) 50
(2,1) (3,1) 36
(3,1) (2,1) 30
(1,2) (2,2) 25
(2,2) (1,2) 38
(2,2) (3,2) 30
(3,2) (2,2) 4
(1,3) (2,3) 27
(2,3) (1,3) 46
(2,3) (3,3) 22
(3,3) (2,3) 44
(1,4) (2,4) 3
(2,4) (1,4) 38
(2,4) (3,4) 45
(3,4) (2,4) 49
(1,5) (2,5) 42
(2,5) (1,5) 40
(2,5) (3,5) 41
(3,5) (2,5) 20
(1,5) t 46
(2,5) t 2
(3,5) t 48
