s (1,1) 42
s (2,1) 17
s (3,1) 46
s (4,1) 39
s (5,1) 36
s (6,1) 40
s (7,1) 46
s (8,1) 9
s (9,1) 27
s (10,1) 36
(1,1) (1,2) 11
(2,1) (2,2) 50
(3,1) (3,2) 15
(4,1) (4,2) 4
(5,1) (5,2) 42
(6,1) (6,2) 29
(7,1) (7,2) 19
(8,1) (8,2) 42
(9,1) (9,2) 39
(10,1) (10,2) 15
(1,2) (1,3) 7
(2,2) (2,3) 16
(3,2) (3,3) 30
(4,2) (4,3) 15
(5,2) (5,3) 11
(6,2) (6,3) 14
(7,2) (7,3) 47
(8,2) (8,3) 18
(9,2) (9,3) 45
(10,2) (10,3) 47
(1,3) (1,4) 42
(2,3) (2,4) 35
(3,3) (3,4) 38
(4,3) (4,4) 9
(5,3) (5,4) 47
(6,3) (6,4) 33
(7,3) (7,4) 34
(8,3) (8,4) 3
(9,3) (9,4) 4
(10,3) (10,4) 2
(1,4) (1,5) 43
(2,4) (2,5) 36
(3,4) (3,5) 25
(4,4) (4,5) 43
(5,4) (5,5) 48
(6,4) (6,5) 21
(7,4) (7,5) 2
(8,4) (8,5) 38
(9,4) (9,5) 8
(10,4) (10,5) 38
(1,5) (1,6) 49
(2,5) (2,6) 47
(3,5) (3,6) 27
(4,5) (4,6) 23
(5,5) (5,6) 29
(6,5) (6,6) 23
(7,5) (7,6) 4
(8,5) (8,6) 9
(9,5) (9,6) 15
(10,5) (10,6) 30
(1,6) (1,7) 33
(2,6) (2,7) 2
(3,6) (3,7) 22
(4,6) (4,7) 8
(5,6) (5,7) 10
(6,6) (6,7) 15
(7,6) (7,7) 42
(8,6) (8,7) 27
(9,6) (9,7) 30
(10,6) (10,7) 38
(1,7) (1,8) 29
(2,7) (2,8) 39
(3,7) (3,8) 34
(4,7) (4,8) 31
(5,7) (5,8) 38
(6,7) (6,8) 14
(7,7) (7,8) 49
(8,7) (8,8) 16
(9,7) (9,8) 40
(10,7) (10,8) 23
(1,8) (1,9) 27
(2,8) (2,9) 11
(3,8) (3,9) 22
(4,8) (4,9) 28
(5,8) (5,9) 40
(6,8) (6,9) 18
(7,8) (7,9) 40
(8,8) (8,9) 30
(9,8) (9,9) 10
(10,8) (10,9) 8
(1,9) (1,10) 18
(2,9) (2,10) 35
(3,9) (3,10) 8
(4,9) (4,10) 36
(5,9) (5,10) 49
(6,9) (6,10) 19
(7,9) (7,10) 33
(8,9) (8,10) 35
(9,9) (9,10) 23
(10,9) (10,10) 36
(1,10) (1,11) 48
(2,10) (2,11) 27
(3,10) (3,11) 15
(4,10) (4,11) 34
(5,10) (5,11) 3
(6,10) (6,11) 49
(7,10) (7,11) 49
(8,10) (8,11) 10
(9,10) (9,11) 26
(10,10) (10,11) 37
(1,11) (1,12) 1
(2,11) (2,12) 31
(3,11) (3,12) 17
(4,11) (4,12) 32
(5,11) (5,12) 5
(6,11) (6,12) 30
(7,11) (7,12) 41
(8,11) (8,12) 34
(9,11) (9,12) 1
(10,11) (10,12) 13
(1,12) (1,13) 24
(2,12) (2,13) 13
(3,12) (3,13) 46
(4,12) (4,13) 16
(5,12) (5,13) 48
(6,12) (6,13) 2
(7,12) (7,13) 46
(8,12) (8,13) 3
(9,12) (9,13) 3
(10,12) (10,13) 50
(1,13) (1,14) 18
(2,13) (2,14) 13
(3,13) (3,14) 3
(4,13) (4,14) 37
(5,13) (5,14) 22
(6,13) (6,14) 9
(7,13) (7,14) 13
(8,13) (8,14) 5
(9,13) (9,14) 2
(10,13) (10,14) 24
(1,14) (1,15) 37
(2,14) (2,15) 9
(3,14) (3,15) 23
(4,14) (4,15) 42
(5,14) (5,15) 17
(6,14) (6,15) 49
(7,14) (7,15) 7
(8,14) (8,15) 38
(9,14) (9,15) 36
(10,14) (10,15) 21
(1,15) (1,16) 50
(2,15) (2,16) 17
(3,15) (3,16) 41
(4,15) (4,16) 38
(5,15) (5,16) 37
(6,15) (6,16) 26
(7,15) (7,16) 25
(8,15) (8,16) 14
(9,15) (9,16) 26
(10,15) (10,16) 14
(1,16) (1,17) 12
(2,16) (2,17) 48
(3,16) (3,17) 1
(4,16) (4,17) 9
(5,16) (5,17) 4
(6,16) (6,17) 10
(7,16) (7,17) 24
(8,16) (8,17) 39
(9,16) (9,17) 20
(10,16) (10,17) 30
(1,17) (1,18) 44
(2,17) (2,18) 2
(3,17) (3,18) 44
(4,17) (4,18) 29
(5,17) (5,18) 46
(6,17) (6,18) 4
(7,17) (7,18) 19
(8,17) (8,18) 16
(9,17) (9,18) 10
(10,17) (10,18) 16
(1,18) (1,19) 7
(2,18) (2,19) 23
(3,18) (3,19) 17
(4,18) (4,19) 2
(5,18) (5,19) 14
(6,18) (6,19) 40
(7,18) (7,19) 49
(8,18) (8,19) 27
(9,18) (9,19) 7
(10,18) (10,19) 25
(1,19) (1,20) 34
(2,19) (2,20) 50
(3,19) (3,20) 36
(4,19) (4,20) 5
(5,19) (5,20) 46
(6,19) (6,20) 21
(7,19) (7,20) 50
(8,19) (8,20) 2
(9,19) (9,20) 39
(10,19) (10,20) 44
(1,1) (2,1) 27
(2,1) (1,1) 50
(2,1) (3,1) 2
(3,1) (2,1) 42
(3,1) (4,1) 14
(4,1) (3,1) 27
(4,1) (5,1) 18
(5,1) (4,1) 26
(5,1) (6,1) 24
(6,1) (5,1) 6
(6,1) (7,1) 32
(7,1) (6,1) 47
(7,1) (8,1) 10
(8,1) (7,1) 21
(8,1) (9,1) 41
(9,1) (8,1) 47
(9,1) (10,1) 14
(10,1) (9,1) 1
(1,2) (2,2) 40
(2,2) (1,2) 6
(2,2) (3,2) 14
(3,2) (2,2) 24
(3,2) (4,2) 23
(4,2) (3,2) 17
(4,2) (5,2) 11
(5,2) (4,2) 3
(5,2) (6,2) 1
(6,2) (5,2) 2
(6,2) (7,2) 22
(7,2) (6,2) 28
(7,2) (8,2) 44
(8,2) (7,2) 39
(8,2) (9,2) 39
(9,2) (8,2) 31
(9,2) (10,2) 30
(10,2) (9,2) 8
(1,3) (2,3) 35
(2,3) (1,3) 47
(2,3) (3,3) 20
(3,3) (2,3) 18
(3,3) (4,3) 39
(4,3) (3,3) 28
(4,3) (5,3) 44
(5,3) (4,3) 13
(5,3) (6,3) 9
(6,3) (5,3) 14
(6,3) (7,3) 45
(7,3) (6,3) 32
(7,3) (8,3) 48
(8,3) (7,3) 6
(8,3) (9,3) 46
(9,3) (8,3) 43
(9,3) (10,3) 47
(10,3) (9,3) 2
(1,4) (2,4) 37
(2,4) (1,4) 16
(2,4) (3,4) 50
(3,4) (2,4) 18
(3,4) (4,4) 4
(4,4) (3,4) 3
(4,4) (5,4) 30
(5,4) (4,4) 17
(5,4) (6,4) 2
(6,4) (5,4) 38
(6,4) (7,4) 23
(7,4) (6,4) 34
(7,4) (8,4) 17
(8,4) (7,4) 40
(8,4) (9,4) 32
(9,4) (8,4) 22
(9,4) (10,4) 47
(10,4) (9,4) 7
(1,5) (2,5) 25
(2,5) (1,5) 16
(2,5) (3,5) 47
(3,5) (2,5) 17
(3,5) (4,5) 5
(4,5) (3,5) 41
(4,5) (5,5) 30
(5,5) (4,5) 28
(5,5) (6,5) 28
(6,5) (5,5) 6
(6,5) (7,5) 19
(7,5) (6,5) 21
(7,5) (8,5) 48
(8,5) (7,5) 48
(8,5) (9,5) 30
(9,5) (8,5) 31
(9,5) (10,5) 1
(10,5) (9,5) 18
(1,6) (2,6) 43
(2,6) (1,6) 37
(2,6) (3,6) 11
(3,6) (2,6) 29
(3,6) (4,6) 40
(4,6) (3,6) 42
(4,6) (5,6) 24
(5,6) (4,6) 30
(5,6) (6,6) 26
(6,6) (5,6) 31
(6,6) (7,6) 46
(7,6) (6,6) 44
(7,6) (8,6) 34
(8,6) (7,6) 43
(8,6) (9,6) 43
(9,6) (8,6) 33
(9,6) (10,6) 16
(10,6) (9,6) 27
(1,7) (2,7) 44
(2,7) (1,7) 35
(2,7) (3,7) 14
(3,7) (2,7) 1
(3,7) (4,7) 1
(4,7) (3,7) 9
(4,7) (5,7) 26
(5,7) (4,7) 22
(5,7) (6,7) 9
(6,7) (5,7) 31
(6,7) (7,7) 42
(7,7) (6,7) 15
(7,7) (8,7) 19
(8,7) (7,7) 28
(8,7) (9,7) 8
(9,7) (8,7) 19
(9,7) (10,7) 31
(10,7) (9,7) 4
(1,8) (2,8) 32
(2,8) (1,8) 47
(2,8) (3,8) 13
(3,8) (2,8) 12
(3,8) (4,8) 37
(4,8) (3,8) 44
(4,8) (5,8) 20
(5,8) (4,8) 1
(5,8) (6,8) 17
(6,8) (5,8) 22
(6,8) (7,8) 2
(7,8) (6,8) 43
(7,8) (8,8) 36
(8,8) (7,8) 24
(8,8) (9,8) 28
(9,8) (8,8) 3
(9,8) (10,8) 37
(10,8) (9,8) 28
(1,9) (2,9) 14
(2,9) (1,9) 24
(2,9) (3,9) 43
(3,9) (2,9) 19
(3,9) (4,9) 27
(4,9) (3,9) 37
(4,9) (5,9) 7
(5,9) (4,9) 16
(5,9) (6,9) 45
(6,9) (5,9) 45
(6,9) (7,9) 49
(7,9) (6,9) 14
(7,9) (8,9) 32
(8,9) (7,9) 5
(8,9) (9,9) 18
(9,9) (8,9) 7
(9,9) (10,9) 47
(10,9) (9,9) 40
(1,10) (2,10) 19
(2,10) (1,10) 44
(2,10) (3,10) 37
(3,10) (2,10) 28
(3,10) (4,10) 30
(4,10) (3,10) 26
(4,10) (5,10) 45
(5,10) (4,10) 37
(5,10) (6,10) 49
(6,10) (5,10) 23
(6,10) (7,10) 45
(7,10) (6,10) 15
(7,10) (8,10) 9
(8,10) (7,10) 35
(8,10) (9,10) 14
(9,10) (8,10) 46
(9,10) (10,10) 8
(10,10) (9,10) 23
(1,11) (2,11) 6
(2,11) (1,11) 48
(2,11) (3,11) 25
(3,11) (2,11) 2
(3,11) (4,11) 14
(4,11) (3,11) 23
(4,11) (5,11) 12
(5,11) (4,11) 33
(5,11) (6,11) 30
(6,11) (5,11) 36
(6,11) (7,11) 8
(7,11) (6,11) 20
(7,11) (8,11) 36
(8,11) (7,11) 20
(8,11) (9,11) 9
(9,11) (8,11) 36
(9,11) (10,11) 19
(10,11) (9,11) 26
(1,12) (2,12) 17
(2,12) (1,12) 45
(2,12) (3,12) 40
(3,12) (2,12) 46
(3,12) (4,12) 24
(4,12) (3,12) 33
(4,12) (5,12) 13
(5,12) (4,12) 15
(5,12) (6,12) 45
(6,12) (5,12) 40
(6,12) (7,12) 20
(7,12) (6,12) 47
(7,12) (8,12) 38
(8,12) (7,12) 37
(8,12) (9,12) 33
(9,12) (8,12) 36
(9,12) (10,12) 18
(10,12) (9,12) 39
(1,13) (2,13) 39
(2,13) (1,13) 26
(2,13) (3,13) 34
(3,13) (2,13) 38
(3,13) (4,13) 22
(4,13) (3,13) 29
(4,13) (5,13) 45
(5,13) (4,13) 5
(5,13) (6,13) 3
(6,13) (5,13) 17
(6,13) (7,13) 28
(7,13) (6,13) 1
(7,13) (8,13) 35
(8,13) (7,13) 25
(8,13) (9,13) 16
(9,13) (8,13) 39
(9,13) (10,13) 20
(10,13) (9,13) 44
(1,14) (2,14) 22
(2,14) (1,14) 7
(2,14) (3,14) 27
(3,14) (2,14) 45
(3,14) (4,14) 5
(4,14) (3,14) 13
(4,14) (5,14) 20
(5,14) (4,14) 13
(5,14) (6,14) 42
(6,14) (5,14) 2
(6,14) (7,14) 39
(7,14) (6,14) 34
(7,14) (8,14) 29
(8,14) (7,14) 44
(8,14) (9,14) 42
(9,14) (8,14) 28
(9,14) (10,14) 33
(10,14) (9,14) 16
(1,15) (2,15) 34
(2,15) (1,15) 39
(2,15) (3,15) 26
(3,15) (2,15) 5
(3,15) (4,15) 15
(4,15) (3,15) 8
(4,15) (5,15) 45
(5,15) (4,15) 35
(5,15) (6,15) 11
(6,15) (5,15) 37
(6,15) (7,15) 30
(7,15) (6,15) 30
(7,15) (8,15) 16
(8,15) (7,15) 46
(8,15) (9,15) 3
(9,15) (8,15) 24
(9,15) (10,15) 39
(10,15) (9,15) 3
(1,16) (2,16) 49
(2,16) (1,16) 10
(2,16) (3,16) 21
(3,16) (2,16) 19
(3,16) (4,16) 43
(4,16) (3,16) 35
(4,16) (5,16) 14
(5,16) (4,16) 39
(5,16) (6,16) 36
(6,16) (5,16) 7
(6,16) (7,16) 26
(7,16) (6,16) 21
(7,16) (8,16) 37
(8,16) (7,16) 43
(8,16) (9,16) 30
(9,16) (8,16) 41
(9,16) (10,16) 6
(10,16) (9,16) 34
(1,17) (2,17) 34
(2,17) (1,17) 4
(2,17) (3,17) 12
(3,17) (2,17) 7
(3,17) (4,17) 3
(4,17) (3,17) 43
(4,17) (5,17) 18
(5,17) (4,17) 23
(5,17) (6,17) 40
(6,17) (5,17) 42
(6,17) (7,17) 37
(7,17) (6,17) 9
(7,17) (8,17) 35
(8,17) (7,17) 9
(8,17) (9,17) 6
(9,17) (8,17) 1
(9,17) (10,17) 36
(10,17) (9,17) 10
(1,18) (2,18) 9
(2,18) (1,18) 9
(2,18) (3,18) 42
(3,18) (2,18) 32
(3,18) (4,18) 39
(4,18) (3,18) 41
(4,18) (5,18) 48
(5,18) (4,18) 23
(5,18) (6,18) 49
(6,18) (5,18) 6
(6,18) (7,18) 10
(7,18) (6,18) 41
(7,18) (8,18) 33
(8,18) (7,18) 18
(8,18) (9,18) 45
(9,18) (8,18) 23
(9,18) (10,18) 37
(10,18) (9,18) 8
(1,19) (2,19) 22
(2,19) (1,19) 23
(2,19) (3,19) 2
(3,19) (2,19) 20
(3,19) (4,19) 19
(4,19) (3,19) 20
(4,19) (5,19) 23
(5,19) (4,19) 41
(5,19) (6,19) 25
(6,19) (5,19) 29
(6,19) (7,19) 20
(7,19) (6,19) 36
(7,19) (8,19) 44
(8,19) (7,19) 22
(8,19) (9,19) 21
(9,19) (8,19) 19
(9,19) (10,19) 20
(10,19) (9,19) 32
(1,20) (2,20) 11
(2,20) (1,20) 42
(2,20) (3,20) 29
(3,20) (2,20) 45
(3,20) (4,20) 46
(4,20) (3,20) 9
(4,20) (5,20) 20
(5,20) (4,20) 27
(5,20) (6,20) 7
(6,20) (5,20) 27
(6,20) (7,20) 18
(7,20) (6,20) 49
(7,20) (8,20) 49
(8,20) (7,20) 11
(8,20) (9,20) 26
(9,20) (8,20) 16
(9,20) (10,20) 18
(10,20) (9,20) 2
(1,20) t 20
(2,20) t 41
(3,20) t 31
(4,20) t 37
(5,20) t 13
(6,20) t 4
(7,20) t 41
(8,20) t 7
(9,20) t 2
(10,20) t 13
