s (1,1) 16
s (2,1) 12
s (3,1) 26
(1,1) (1,2) 45
(2,1) (2,2) 32
(3,1) (3,2) 32
(1,2) (1,3) 24
(2,2) (2,3) 26
(3,2) (3,3) 22
(1,3) (1,4) 8
(2,3) (2,4) 42
(3,3) (3,4) 30
(1,4) (1,5) 49
(2,4) (2,5) 6
(3,4) (3,5) 23
(1,5) (1,6) 16
(2,5) (2,6) 48
(3,5) (3,6) 35
(1,1) (2,1) 33
(2,1) (1,1) 50
(2,1) (3,1) 29
(3,1) (2,1) 14
(1,2) (2,2) 46
(2,2) (1,2) 8
(2,2) (3,2) 28
(3,2) (2,2) 14
(1,3) (2,3) 7
(2,3) (1,3) 29
(2,3) (3,3) 31
(3,3) (2,3) 34
(1,4) (2,4) 7
(2,4) (1,4) 50
(2,4) (3,4) 27
(3,4) (2,4) 40
(1,5) (2,5) 26
(2,5) (1,5) 22
(2,5) (3,5) 22
(3,5) (2,5) 14
(1,6) (2,6) 32
(2,6) (1,6) 7
(2,6) (3,6) 24
(3,6) (2,6) 16
(1,6) t 40
(2,6) t 22
(3,6) t 32
