s 1 33
s 2 32
s 6 5
s 8 39
s 9 28
s 10 35
s 13 42
s 14 6
s 15 24
s 17 4
s 20 4
s 22 38
s 23 39
s 26 38
s 29 46
s 31 38
s 32 32
s 33 38
s 34 34
s 35 7
s 36 21
s 37 45
s 38 34
s 39 24
s 42 50
s 43 25
s 46 30
s 48 2
s 49 25
1 2 37
1 6 6
1 7 1
1 9 4
1 10 46
1 11 16
1 13 29
1 14 3
1 15 8
1 16 33
1 17 7
1 18 35
1 20 5
1 22 5
1 23 36
1 24 43
1 26 20
1 27 43
1 28 10
1 30 10
1 32 8
1 33 3
1 34 32
1 35 43
1 36 12
1 37 22
1 38 49
1 39 28
1 40 49
1 42 29
1 43 20
1 45 32
1 46 17
2 1 37
2 3 47
2 4 37
2 5 42
2 7 25
2 8 23
2 10 33
2 14 13
2 15 29
2 17 44
2 19 16
2 20 16
2 21 16
2 22 48
2 23 5
2 24 6
2 26 50
2 29 18
2 33 21
2 35 36
2 36 22
2 37 43
2 38 42
2 39 50
2 40 34
2 41 49
2 43 14
2 44 12
2 45 8
2 47 26
2 48 20
2 49 42
3 2 47
3 7 3
3 8 21
3 9 40
3 11 17
3 15 50
3 16 40
3 17 6
3 18 37
3 19 23
3 21 41
3 22 34
3 24 34
3 25 19
3 27 14
3 28 47
3 29 30
3 31 9
3 34 35
3 35 19
3 37 18
3 39 26
3 41 9
3 43 5
3 44 20
3 46 9
3 48 30
3 49 27
4 2 37
4 5 1
4 6 13
4 10 47
4 13 24
4 14 19
4 16 38
4 18 50
4 19 40
4 21 30
4 22 21
4 24 10
4 28 37
4 30 38
4 33 29
4 34 30
4 36 27
4 39 10
4 41 1
4 42 37
4 43 6
4 44 12
4 46 31
4 47 44
4 48 8
4 49 21
5 2 42
5 4 1
5 9 46
5 10 36
5 11 10
5 12 10
5 14 17
5 15 21
5 16 27
5 17 5
5 18 18
5 20 40
5 21 22
5 22 49
5 23 19
5 25 26
5 26 31
5 27 50
5 29 10
5 32 7
5 33 4
5 34 48
5 35 18
5 36 37
5 37 27
5 38 40
5 41 50
5 42 1
5 44 16
5 45 15
5 46 45
5 47 25
5 48 50
5 49 28
6 1 6
6 4 13
6 8 50
6 9 26
6 10 36
6 12 8
6 16 21
6 17 8
6 24 23
6 25 25
6 26 37
6 27 49
6 28 39
6 35 23
6 37 44
6 38 7
6 39 21
6 42 26
6 44 27
6 46 11
6 49 20
7 1 1
7 2 25
7 3 3
7 10 10
7 11 24
7 13 5
7 14 26
7 15 37
7 16 46
7 17 17
7 18 46
7 20 27
7 21 10
7 23 6
7 26 11
7 28 35
7 30 31
7 31 40
7 32 36
7 34 37
7 35 38
7 36 16
7 37 46
7 38 14
7 39 37
7 40 19
7 41 11
7 43 1
7 44 4
7 45 16
7 47 15
7 49 7
8 2 23
8 3 21
8 6 50
8 9 6
8 10 13
8 11 1
8 14 38
8 15 19
8 16 18
8 17 4
8 18 16
8 19 33
8 20 40
8 21 44
8 26 13
8 28 32
8 30 25
8 31 2
8 32 23
8 33 50
8 34 9
8 35 17
8 37 45
8 39 17
8 40 6
8 41 2
8 43 13
8 44 42
8 45 42
8 47 5
8 48 27
9 1 4
9 3 40
9 5 46
9 6 26
9 8 6
9 11 26
9 12 26
9 13 18
9 15 50
9 16 33
9 17 19
9 18 4
9 19 18
9 21 31
9 22 48
9 23 22
9 24 46
9 25 23
9 26 23
9 27 49
9 30 46
9 35 32
9 36 49
9 38 28
9 39 15
9 41 26
9 42 32
9 43 29
9 46 2
10 1 46
10 2 33
10 4 47
10 5 36
10 6 36
10 7 10
10 8 13
10 11 24
10 12 7
10 13 15
10 15 26
10 18 10
10 20 20
10 22 15
10 23 2
10 26 47
10 27 23
10 28 44
10 30 2
10 31 17
10 41 20
10 46 42
10 48 8
10 49 25
11 1 16
11 3 17
11 5 10
11 7 24
11 8 1
11 9 26
11 10 24
11 13 2
11 14 15
11 17 39
11 18 28
11 20 26
11 22 2
11 24 27
11 25 10
11 28 17
11 32 44
11 36 23
11 38 26
11 39 17
11 40 3
11 41 41
11 42 39
11 43 33
11 44 50
11 45 41
11 48 50
11 49 27
12 5 10
12 6 8
12 9 26
12 10 7
12 13 41
12 14 32
12 15 47
12 16 47
12 17 21
12 18 39
12 19 23
12 20 11
12 22 7
12 25 32
12 26 4
12 27 37
12 29 20
12 30 16
12 31 10
12 34 26
12 35 17
12 39 4
12 40 14
12 42 48
12 43 11
12 46 41
12 47 8
12 48 29
13 1 29
13 4 24
13 7 5
13 9 18
13 10 15
13 11 2
13 12 41
13 14 23
13 15 7
13 16 10
13 17 27
13 18 27
13 20 2
13 24 13
13 25 23
13 26 34
13 27 49
13 28 43
13 29 17
13 30 15
13 32 43
13 33 26
13 34 10
13 36 44
13 37 43
13 38 26
13 39 16
13 41 16
13 47 25
13 49 12
14 1 3
14 2 13
14 4 19
14 5 17
14 7 26
14 8 38
14 11 15
14 12 32
14 13 23
14 15 10
14 16 30
14 18 23
14 19 47
14 20 41
14 21 1
14 22 25
14 25 14
14 27 28
14 30 3
14 31 45
14 33 47
14 35 37
14 36 5
14 37 35
14 38 39
14 39 33
14 40 24
14 42 18
14 43 8
14 46 21
14 47 4
14 48 3
15 1 8
15 2 29
15 3 50
15 5 21
15 7 37
15 8 19
15 9 50
15 10 26
15 12 47
15 13 7
15 14 10
15 16 38
15 18 30
15 19 37
15 21 21
15 22 47
15 23 18
15 24 41
15 25 17
15 26 7
15 28 32
15 30 1
15 31 30
15 32 24
15 34 18
15 36 38
15 37 1
15 38 34
15 41 48
15 42 30
15 44 45
15 48 47
16 1 33
16 3 40
16 4 38
16 5 27
16 6 21
16 7 46
16 8 18
16 9 33
16 12 47
16 13 10
16 14 30
16 15 38
16 18 17
16 20 22
16 21 34
16 24 39
16 25 46
16 26 18
16 29 48
16 30 18
16 33 46
16 34 40
16 35 22
16 36 11
16 39 24
16 41 45
16 42 3
16 43 25
16 45 20
16 46 16
16 47 25
16 48 34
16 49 1
17 1 7
17 2 44
17 3 6
17 5 5
17 6 8
17 7 17
17 8 4
17 9 19
17 11 39
17 12 21
17 13 27
17 18 15
17 19 37
17 20 45
17 22 25
17 23 4
17 24 46
17 25 12
17 26 22
17 30 14
17 32 19
17 33 50
17 34 3
17 35 19
17 37 3
17 38 42
17 40 2
17 41 30
17 42 35
17 44 16
17 47 42
18 1 35
18 3 37
18 4 50
18 5 18
18 7 46
18 8 16
18 9 4
18 10 10
18 11 28
18 12 39
18 13 27
18 14 23
18 15 30
18 16 17
18 17 15
18 19 41
18 20 48
18 21 14
18 22 46
18 23 2
18 24 22
18 26 39
18 27 18
18 28 8
18 29 10
18 31 7
18 32 19
18 34 22
18 35 13
18 36 24
18 37 13
18 38 17
18 39 17
18 40 6
18 41 42
18 43 47
18 44 17
18 45 50
18 47 32
19 2 16
19 3 23
19 4 40
19 8 33
19 9 18
19 12 23
19 14 47
19 15 37
19 17 37
19 18 41
19 20 25
19 23 19
19 24 44
19 25 45
19 26 44
19 27 37
19 29 39
19 30 16
19 35 21
19 36 20
19 37 15
19 38 25
19 39 17
19 41 9
19 45 50
20 1 5
20 2 16
20 5 40
20 7 27
20 8 40
20 10 20
20 11 26
20 12 11
20 13 2
20 14 41
20 16 22
20 17 45
20 18 48
20 19 25
20 23 42
20 24 5
20 25 18
20 27 34
20 28 49
20 29 37
20 31 15
20 32 23
20 33 20
20 34 17
20 35 6
20 36 49
20 38 1
20 39 39
20 43 12
20 46 8
20 47 4
20 49 41
21 2 16
21 3 41
21 4 30
21 5 22
21 7 10
21 8 44
21 9 31
21 14 1
21 15 21
21 16 34
21 18 14
21 24 4
21 25 10
21 26 26
21 27 14
21 28 41
21 32 7
21 36 26
21 37 50
21 38 27
21 40 44
21 45 15
21 46 27
22 1 5
22 2 48
22 3 34
22 4 21
22 5 49
22 9 48
22 10 15
22 11 2
22 12 7
22 14 25
22 15 47
22 17 25
22 18 46
22 23 36
22 25 27
22 26 17
22 28 37
22 29 33
22 30 18
22 33 28
22 34 9
22 35 7
22 36 48
22 37 7
22 42 50
22 44 44
22 46 50
22 48 5
22 49 44
23 1 36
23 2 5
23 5 19
23 7 6
23 9 22
23 10 2
23 15 18
23 17 4
23 18 2
23 19 19
23 20 42
23 22 36
23 24 34
23 26 44
23 29 43
23 30 4
23 31 48
23 32 3
23 34 28
23 41 29
23 44 44
23 46 11
23 48 42
24 1 43
24 2 6
24 3 34
24 4 10
24 6 23
24 9 46
24 11 27
24 13 13
24 15 41
24 16 39
24 17 46
24 18 22
24 19 44
24 20 5
24 21 4
24 23 34
24 25 35
24 26 37
24 27 7
24 29 5
24 30 38
24 32 39
24 33 14
24 34 22
24 35 16
24 36 11
24 38 41
24 39 39
24 40 46
24 42 24
24 44 33
24 46 11
24 47 12
25 3 19
25 5 26
25 6 25
25 9 23
25 11 10
25 12 32
25 13 23
25 14 14
25 15 17
25 16 46
25 17 12
25 19 45
25 20 18
25 21 10
25 22 27
25 24 35
25 28 35
25 29 42
25 31 8
25 32 22
25 35 28
25 36 2
25 37 35
25 38 8
25 39 1
25 41 1
25 42 22
25 43 23
25 44 20
25 45 1
25 46 36
25 48 14
26 1 20
26 2 50
26 5 31
26 6 37
26 7 11
26 8 13
26 9 23
26 10 47
26 12 4
26 13 34
26 15 7
26 16 18
26 17 22
26 18 39
26 19 44
26 21 26
26 22 17
26 23 44
26 24 37
26 29 19
26 30 15
26 33 40
26 34 44
26 35 12
26 36 20
26 37 29
26 39 34
26 41 36
26 42 42
26 44 35
26 48 47
26 49 49
27 1 43
27 3 14
27 5 50
27 6 49
27 9 49
27 10 23
27 12 37
27 13 49
27 14 28
27 18 18
27 19 37
27 20 34
27 21 14
27 24 7
27 28 24
27 29 16
27 30 43
27 32 30
27 33 18
27 35 14
27 36 1
27 38 48
27 40 45
27 41 21
27 44 31
27 45 38
27 46 30
27 47 7
27 48 10
28 1 10
28 3 47
28 4 37
28 6 39
28 7 35
28 8 32
28 10 44
28 11 17
28 13 43
28 15 32
28 18 8
28 20 49
28 21 41
28 22 37
28 25 35
28 27 24
28 29 31
28 30 46
28 33 5
28 35 45
28 37 38
28 41 16
28 42 12
28 43 21
28 44 13
28 45 33
28 48 5
28 49 46
29 2 18
29 3 30
29 5 10
29 12 20
29 13 17
29 16 48
29 18 10
29 19 39
29 20 37
29 22 33
29 23 43
29 24 5
29 25 42
29 26 19
29 27 16
29 28 31
29 30 13
29 31 28
29 35 14
29 39 22
29 42 15
29 44 25
29 45 15
29 48 29
29 49 33
30 1 10
30 4 38
30 7 31
30 8 25
30 9 46
30 10 2
30 12 16
30 13 15
30 14 3
30 15 1
30 16 18
30 17 14
30 19 16
30 22 18
30 23 4
30 24 38
30 26 15
30 27 43
30 28 46
30 29 13
30 33 19
30 34 23
30 37 29
30 39 34
30 43 16
30 45 13
30 47 13
30 48 9
30 49 4
31 3 9
31 7 40
31 8 2
31 10 17
31 12 10
31 14 45
31 15 30
31 18 7
31 20 15
31 23 48
31 25 8
31 29 28
31 32 39
31 33 22
31 34 10
31 35 9
31 36 35
31 37 39
31 38 25
31 40 46
31 41 45
31 42 41
31 43 22
31 44 50
31 45 40
31 48 13
32 1 8
32 5 7
32 7 36
32 8 23
32 11 44
32 13 43
32 15 24
32 17 19
32 18 19
32 20 23
32 21 7
32 23 3
32 24 39
32 25 22
32 27 30
32 31 39
32 35 46
32 36 14
32 39 25
32 41 43
32 42 12
32 43 35
32 44 35
32 45 50
32 46 17
33 1 3
33 2 21
33 4 29
33 5 4
33 8 50
33 13 26
33 14 47
33 16 46
33 17 50
33 20 20
33 22 28
33 24 14
33 26 40
33 27 18
33 28 5
33 30 19
33 31 22
33 36 29
33 37 6
33 38 15
33 39 16
33 41 31
33 42 44
33 44 46
33 46 17
33 48 25
33 49 39
34 1 32
34 3 35
34 4 30
34 5 48
34 7 37
34 8 9
34 12 26
34 13 10
34 15 18
34 16 40
34 17 3
34 18 22
34 20 17
34 22 9
34 23 28
34 24 22
34 26 44
34 30 23
34 31 10
34 35 41
34 37 34
34 38 6
34 39 14
34 40 49
34 42 38
34 44 38
34 45 20
34 48 27
35 1 43
35 2 36
35 3 19
35 5 18
35 6 23
35 7 38
35 8 17
35 9 32
35 12 17
35 14 37
35 16 22
35 17 19
35 18 13
35 19 21
35 20 6
35 22 7
35 24 16
35 25 28
35 26 12
35 27 14
35 28 45
35 29 14
35 31 9
35 32 46
35 34 41
35 36 16
35 37 32
35 38 22
35 39 37
35 40 3
35 41 4
35 45 32
35 48 28
35 49 39
36 1 12
36 2 22
36 4 27
36 5 37
36 7 16
36 9 49
36 11 23
36 13 44
36 14 5
36 15 38
36 16 11
36 18 24
36 19 20
36 20 49
36 21 26
36 22 48
36 24 11
36 25 2
36 26 20
36 27 1
36 31 35
36 32 14
36 33 29
36 35 16
36 40 17
36 41 49
36 44 44
36 45 2
36 46 19
36 47 14
37 1 22
37 2 43
37 3 18
37 5 27
37 6 44
37 7 46
37 8 45
37 13 43
37 14 35
37 15 1
37 17 3
37 18 13
37 19 15
37 21 50
37 22 7
37 25 35
37 26 29
37 28 38
37 30 29
37 31 39
37 33 6
37 34 34
37 35 32
37 39 47
37 40 21
37 41 35
37 43 40
37 44 46
37 45 10
37 46 3
37 48 20
37 49 36
38 1 49
38 2 42
38 5 40
38 6 7
38 7 14
38 9 28
38 11 26
38 13 26
38 14 39
38 15 34
38 17 42
38 18 17
38 19 25
38 20 1
38 21 27
38 24 41
38 25 8
38 27 48
38 31 25
38 33 15
38 34 6
38 35 22
38 40 38
38 41 39
38 42 41
38 43 23
38 44 14
38 45 9
38 46 23
38 48 31
39 1 28
39 2 50
39 3 26
39 4 10
39 6 21
39 7 37
39 8 17
39 9 15
39 11 17
39 12 4
39 13 16
39 14 33
39 16 24
39 18 17
39 19 17
39 20 39
39 24 39
39 25 1
39 26 34
39 29 22
39 30 34
39 32 25
39 33 16
39 34 14
39 35 37
39 37 47
39 40 1
39 41 31
39 42 27
39 44 47
39 45 20
39 48 45
40 1 49
40 2 34
40 7 19
40 8 6
40 11 3
40 12 14
40 14 24
40 17 2
40 18 6
40 21 44
40 24 46
40 27 45
40 31 46
40 34 49
40 35 3
40 36 17
40 37 21
40 38 38
40 39 1
40 43 50
40 46 2
40 49 11
41 2 49
41 3 9
41 4 1
41 5 50
41 7 11
41 8 2
41 9 26
41 10 20
41 11 41
41 13 16
41 15 48
41 16 45
41 17 30
41 18 42
41 19 9
41 23 29
41 25 1
41 26 36
41 27 21
41 28 16
41 31 45
41 32 43
41 33 31
41 35 4
41 36 49
41 37 35
41 38 39
41 39 31
41 43 22
41 48 13
42 1 29
42 4 37
42 5 1
42 6 26
42 9 32
42 11 39
42 12 48
42 14 18
42 15 30
42 16 3
42 17 35
42 22 50
42 24 24
42 25 22
42 26 42
42 28 12
42 29 15
42 31 41
42 32 12
42 33 44
42 34 38
42 38 41
42 39 27
42 43 25
42 44 9
42 47 32
42 48 19
43 1 20
43 2 14
43 3 5
43 4 6
43 7 1
43 8 13
43 9 29
43 11 33
43 12 11
43 14 8
43 16 25
43 18 47
43 20 12
43 25 23
43 28 21
43 30 16
43 31 22
43 32 35
43 37 40
43 38 23
43 40 50
43 41 22
43 42 25
43 47 9
43 48 12
44 2 12
44 3 20
44 4 12
44 5 16
44 6 27
44 7 4
44 8 42
44 11 50
44 15 45
44 17 16
44 18 17
44 22 44
44 23 44
44 24 33
44 25 20
44 26 35
44 27 31
44 28 13
44 29 25
44 31 50
44 32 35
44 33 46
44 34 38
44 36 44
44 37 46
44 38 14
44 39 47
44 42 9
44 45 46
44 48 45
44 49 42
45 1 32
45 2 8
45 5 15
45 7 16
45 8 42
45 11 41
45 16 20
45 18 50
45 19 50
45 21 15
45 25 1
45 27 38
45 28 33
45 29 15
45 30 13
45 31 40
45 32 50
45 34 20
45 35 32
45 36 2
45 37 10
45 38 9
45 39 20
45 44 46
45 46 10
45 47 20
45 49 48
46 1 17
46 3 9
46 4 31
46 5 45
46 6 11
46 9 2
46 10 42
46 12 41
46 14 21
46 16 16
46 20 8
46 21 27
46 22 50
46 23 11
46 24 11
46 25 36
46 27 30
46 32 17
46 33 17
46 36 19
46 37 3
46 38 23
46 40 2
46 45 10
46 47 50
46 48 19
46 49 35
47 2 26
47 4 44
47 5 25
47 7 15
47 8 5
47 12 8
47 13 25
47 14 4
47 16 25
47 17 42
47 18 32
47 20 4
47 24 12
47 27 7
47 30 13
47 36 14
47 42 32
47 43 9
47 45 20
47 46 50
47 48 6
47 49 43
48 2 20
48 3 30
48 4 8
48 5 50
48 8 27
48 10 8
48 11 50
48 12 29
48 14 3
48 15 47
48 16 34
48 22 5
48 23 42
48 25 14
48 26 47
48 27 10
48 28 5
48 29 29
48 30 9
48 31 13
48 33 25
48 34 27
48 35 28
48 37 20
48 38 31
48 39 45
48 41 13
48 42 19
48 43 12
48 44 45
48 46 19
48 47 6
48 49 47
2 t 42
3 t 27
4 t 21
5 t 28
6 t 20
7 t 7
10 t 25
11 t 27
13 t 12
16 t 1
20 t 41
22 t 44
26 t 49
28 t 46
29 t 33
30 t 4
33 t 39
35 t 39
37 t 36
40 t 11
44 t 42
45 t 48
46 t 35
47 t 43
48 t 47
