s 11 48
s 24 18
s 45 2
s 49 41
1 8 25
1 13 3
1 18 7
1 30 4
1 37 34
2 18 47
2 27 14
2 32 22
2 40 10
3 27 8
3 36 28
4 17 8
4 22 32
4 23 32
4 27 48
5 9 28
5 13 25
5 21 1
5 22 37
5 38 24
6 20 13
6 25 11
6 28 3
6 32 8
6 37 39
6 40 37
7 18 4
7 25 22
7 33 17
7 35 4
7 41 30
8 1 25
8 27 20
8 31 49
8 40 34
9 5 28
9 16 39
9 24 43
9 41 1
9 47 34
10 39 32
10 45 43
11 20 41
11 21 47
11 29 40
11 32 2
11 36 24
11 44 6
11 47 38
12 15 15
12 31 30
12 37 1
12 39 11
13 1 3
13 5 25
13 29 17
13 43 47
14 18 42
14 36 45
15 12 15
15 23 46
15 27 50
15 34 36
15 35 47
16 9 39
16 18 24
16 28 34
16 29 7
16 33 23
16 34 45
16 44 45
17 4 8
17 23 7
17 26 31
17 27 14
17 35 46
17 37 28
17 39 13
17 43 23
18 1 7
18 2 47
18 7 4
18 14 42
18 16 24
19 21 42
19 27 21
20 6 13
20 11 41
20 23 30
20 38 30
21 5 1
21 11 47
21 19 42
21 34 9
21 36 43
21 41 4
22 4 32
22 5 37
22 23 3
23 4 32
23 15 46
23 17 7
23 20 30
23 22 3
23 25 32
23 27 40
23 33 34
23 38 34
23 40 27
23 43 5
23 45 33
23 49 35
24 9 43
24 27 23
24 32 32
24 33 27
24 44 19
24 46 16
25 6 11
25 7 22
25 23 32
25 32 33
25 35 42
26 17 31
27 2 14
27 3 8
27 4 48
27 8 20
27 15 50
27 17 14
27 19 21
27 23 40
27 24 23
27 31 50
27 37 17
27 49 37
28 6 3
28 16 34
28 45 49
28 48 39
29 11 40
29 13 17
29 16 7
30 1 4
30 33 19
30 35 35
30 37 10
31 8 49
31 12 30
31 27 50
31 46 3
31 49 11
32 2 22
32 6 8
32 11 2
32 24 32
32 25 33
32 43 18
32 46 5
33 7 17
33 16 23
33 23 34
33 24 27
33 30 19
33 37 32
33 39 12
34 15 36
34 16 45
34 21 9
34 39 27
34 44 36
35 7 4
35 15 47
35 17 46
35 25 42
35 30 35
35 37 6
35 42 15
36 3 28
36 11 24
36 14 45
36 21 43
36 48 27
37 1 34
37 6 39
37 12 1
37 17 28
37 27 17
37 30 10
37 33 32
37 35 6
37 39 2
37 46 19
38 5 24
38 20 30
38 23 34
38 43 12
39 10 32
39 12 11
39 17 13
39 33 12
39 34 27
39 37 2
39 42 48
39 46 32
40 2 10
40 6 37
40 8 34
40 23 27
41 7 30
41 9 1
41 21 4
42 35 15
42 39 48
42 49 12
43 13 47
43 17 23
43 23 5
43 32 18
43 38 12
44 11 6
44 16 45
44 24 19
44 34 36
44 45 42
44 47 44
45 10 43
45 23 33
45 28 49
45 44 42
45 48 10
45 49 23
46 24 16
46 31 3
46 32 5
46 37 19
46 39 32
47 9 34
47 11 38
47 44 44
48 28 39
48 36 27
48 45 10
23 t 35
27 t 37
31 t 11
42 t 12
45 t 23
