s 1 12
s 3 27
s 4 22
s 6 47
s 7 47
s 8 30
s 11 15
s 12 30
s 13 42
s 14 8
s 16 2
s 17 15
s 21 23
s 23 16
s 24 50
s 25 17
s 26 48
s 29 8
s 30 48
s 33 40
s 34 25
s 35 47
s 38 49
s 39 34
s 41 49
s 42 32
s 44 39
s 46 36
s 48 32
s 49 48
1 3 21
1 4 30
1 6 24
1 7 31
1 8 8
1 9 47
1 10 5
1 11 38
1 12 47
1 13 22
1 14 25
1 17 8
1 18 29
1 19 41
1 20 12
1 21 45
1 26 39
1 27 20
1 28 42
1 29 41
1 32 30
1 34 22
1 37 9
1 38 47
1 39 4
1 40 15
1 41 4
1 42 28
1 44 45
1 45 50
1 46 10
1 48 44
1 49 34
2 4 35
2 5 30
2 7 17
2 8 43
2 9 46
2 11 40
2 12 18
2 13 21
2 17 30
2 18 35
2 19 12
2 20 28
2 21 20
2 24 40
2 25 22
2 26 2
2 29 32
2 30 49
2 31 46
2 32 15
2 33 33
2 34 28
2 36 12
2 37 36
2 40 21
2 44 6
2 45 7
2 46 25
2 47 45
2 48 10
2 49 42
3 1 21
3 4 5
3 5 33
3 6 5
3 7 43
3 8 6
3 9 38
3 10 5
3 11 31
3 12 26
3 13 49
3 14 47
3 15 18
3 16 22
3 18 1
3 21 25
3 22 27
3 23 1
3 24 43
3 25 44
3 26 41
3 27 5
3 28 33
3 29 8
3 30 29
3 31 20
3 32 50
3 35 38
3 38 6
3 44 2
3 45 7
3 46 49
3 47 26
3 48 45
4 1 30
4 2 35
4 3 5
4 8 41
4 9 28
4 11 20
4 12 41
4 13 7
4 14 26
4 15 46
4 16 30
4 17 27
4 22 13
4 24 6
4 25 6
4 26 50
4 27 30
4 28 39
4 29 27
4 30 8
4 31 39
4 32 45
4 35 21
4 37 43
4 38 13
4 39 47
4 41 16
4 43 11
4 44 6
4 45 16
4 48 45
4 49 41
5 2 30
5 3 33
5 6 5
5 8 7
5 9 26
5 11 17
5 12 12
5 13 27
5 14 46
5 15 42
5 16 13
5 17 11
5 22 1
5 24 49
5 26 41
5 27 25
5 28 33
5 29 42
5 30 12
5 33 43
5 34 30
5 35 37
5 36 46
5 38 33
5 39 49
5 40 4
5 41 11
5 42 34
5 44 27
5 45 7
5 47 8
5 49 49
6 1 24
6 3 5
6 5 5
6 12 49
6 13 10
6 14 7
6 15 9
6 17 21
6 18 15
6 20 32
6 21 47
6 23 21
6 25 6
6 26 33
6 27 24
6 28 48
6 29 32
6 30 22
6 31 34
6 32 47
6 33 45
6 34 37
6 35 30
6 36 7
6 37 26
6 38 40
6 39 15
6 40 19
6 41 36
6 43 32
6 45 20
6 47 17
6 49 13
7 1 31
7 2 17
7 3 43
7 8 18
7 9 30
7 10 9
7 12 49
7 13 21
7 15 44
7 16 18
7 17 28
7 18 33
7 19 16
7 21 41
7 22 19
7 23 7
7 24 46
7 25 45
7 26 18
7 27 8
7 28 35
7 29 20
7 34 12
7 35 34
7 36 48
7 37 10
7 41 35
7 42 24
7 43 25
7 44 22
7 45 26
7 46 22
7 48 35
7 49 5
8 1 8
8 2 43
8 3 6
8 4 41
8 5 7
8 7 18
8 10 30
8 11 32
8 12 44
8 13 18
8 14 28
8 16 13
8 17 18
8 19 2
8 22 36
8 23 5
8 24 26
8 25 13
8 26 36
8 27 39
8 28 15
8 29 42
8 30 34
8 31 44
8 32 26
8 33 33
8 34 41
8 35 20
8 36 30
8 37 15
8 38 43
8 39 13
8 43 18
8 44 40
8 45 19
8 46 27
8 47 8
8 48 22
9 1 47
9 2 46
9 3 38
9 4 28
9 5 26
9 7 30
9 10 30
9 11 37
9 12 25
9 13 14
9 16 35
9 17 10
9 18 9
9 19 28
9 20 22
9 22 50
9 23 49
9 24 27
9 25 21
9 27 48
9 28 44
9 29 8
9 30 37
9 32 8
9 34 16
9 35 24
9 38 29
9 39 15
9 40 24
9 41 47
9 42 44
9 43 16
9 44 21
9 45 1
10 1 5
10 3 5
10 7 9
10 8 30
10 9 30
10 13 45
10 14 35
10 15 7
10 16 19
10 17 33
10 18 4
10 19 26
10 21 28
10 22 45
10 23 6
10 26 33
10 27 29
10 28 5
10 29 24
10 30 49
10 31 32
10 32 49
10 33 48
10 34 37
10 35 4
10 36 22
10 37 40
10 38 46
10 39 28
10 41 29
10 42 5
10 45 43
10 46 35
10 48 6
10 49 35
11 1 38
11 2 40
11 3 31
11 4 20
11 5 17
11 8 32
11 9 37
11 12 47
11 13 4
11 15 10
11 16 38
11 17 38
11 18 7
11 19 13
11 21 14
11 23 6
11 24 30
11 25 47
11 26 24
11 27 15
11 29 25
11 30 30
11 31 31
11 32 47
11 35 14
11 38 7
11 39 1
11 41 38
11 42 16
11 43 37
11 45 28
11 47 8
11 48 41
11 49 47
12 1 47
12 2 18
12 3 26
12 4 41
12 5 12
12 6 49
12 7 49
12 8 44
12 9 25
12 11 47
12 13 11
12 15 12
12 16 2
12 17 37
12 18 7
12 19 17
12 21 43
12 22 30
12 23 7
12 24 39
12 25 50
12 27 48
12 29 32
12 31 48
12 32 48
12 34 42
12 35 34
12 36 11
12 39 7
12 40 32
12 41 37
12 43 44
12 44 24
12 45 18
12 48 17
12 49 21
13 1 22
13 2 21
13 3 49
13 4 7
13 5 27
13 6 10
13 7 21
13 8 18
13 9 14
13 10 45
13 11 4
13 12 11
13 14 47
13 16 15
13 17 43
13 18 31
13 19 16
13 20 6
13 22 41
13 23 33
13 26 26
13 28 1
13 30 25
13 33 19
13 34 42
13 35 18
13 36 42
13 37 34
13 38 37
13 40 43
13 41 7
13 42 40
13 43 8
13 44 23
13 45 31
13 46 19
13 49 22
14 1 25
14 3 47
14 4 26
14 5 46
14 6 7
14 8 28
14 10 35
14 13 47
14 15 25
14 16 24
14 17 10
14 18 35
14 19 20
14 20 37
14 21 36
14 22 33
14 23 15
14 24 11
14 26 42
14 27 45
14 28 9
14 30 26
14 31 26
14 33 46
14 34 25
14 35 6
14 38 18
14 39 44
14 40 23
14 41 8
14 44 18
14 46 11
14 47 19
14 48 42
14 49 23
15 3 18
15 4 46
15 5 42
15 6 9
15 7 44
15 10 7
15 11 10
15 12 12
15 14 25
15 16 21
15 17 43
15 18 11
15 20 15
15 21 46
15 22 9
15 24 20
15 25 13
15 26 43
15 27 32
15 28 42
15 29 9
15 30 29
15 31 42
15 32 27
15 35 15
15 36 14
15 37 42
15 38 43
15 39 26
15 44 13
15 45 45
15 46 30
15 47 28
15 48 42
15 49 45
16 3 22
16 4 30
16 5 13
16 7 18
16 8 13
16 9 35
16 10 19
16 11 38
16 12 2
16 13 15
16 14 24
16 15 21
16 17 9
16 18 45
16 21 48
16 22 1
16 23 39
16 24 29
16 26 43
16 27 14
16 28 9
16 31 38
16 32 48
16 34 18
16 35 36
16 36 39
16 39 20
16 40 37
16 41 50
16 43 44
16 44 18
16 45 25
16 47 6
16 48 18
16 49 50
17 1 8
17 2 30
17 4 27
17 5 11
17 6 21
17 7 28
17 8 18
17 9 10
17 10 33
17 11 38
17 12 37
17 13 43
17 14 10
17 15 43
17 16 9
17 19 4
17 20 39
17 21 1
17 22 50
17 23 12
17 24 3
17 25 3
17 26 17
17 28 48
17 30 29
17 31 32
17 32 48
17 34 8
17 35 28
17 36 47
17 37 46
17 40 25
17 41 15
17 42 14
17 44 15
17 45 31
17 46 38
17 48 32
17 49 32
18 1 29
18 2 35
18 3 1
18 6 15
18 7 33
18 9 9
18 10 4
18 11 7
18 12 7
18 13 31
18 14 35
18 15 11
18 16 45
18 19 14
18 20 19
18 21 31
18 22 50
18 23 26
18 24 36
18 25 46
18 30 42
18 31 12
18 32 32
18 33 11
18 34 32
18 35 38
18 37 12
18 38 46
18 39 21
18 43 32
18 44 34
18 45 4
18 46 7
18 47 23
19 1 41
19 2 12
19 7 16
19 8 2
19 9 28
19 10 26
19 11 13
19 12 17
19 13 16
19 14 20
19 17 4
19 18 14
19 21 4
19 22 2
19 23 7
19 24 32
19 25 36
19 26 31
19 27 22
19 28 14
19 30 45
19 31 44
19 32 44
19 33 6
19 34 6
19 35 33
19 36 26
19 37 10
19 38 13
19 40 48
19 41 26
19 42 48
19 44 23
19 45 19
19 47 6
19 48 34
19 49 38
20 1 12
20 2 28
20 6 32
20 9 22
20 13 6
20 14 37
20 15 15
20 17 39
20 18 19
20 21 29
20 23 16
20 26 40
20 27 23
20 28 28
20 32 33
20 39 28
20 40 22
20 41 28
20 44 39
20 45 10
20 46 34
20 48 34
21 1 45
21 2 20
21 3 25
21 6 47
21 7 41
21 10 28
21 11 14
21 12 43
21 14 36
21 15 46
21 16 48
21 17 1
21 18 31
21 19 4
21 20 29
21 23 5
21 24 45
21 25 25
21 26 9
21 27 29
21 29 25
21 31 4
21 32 40
21 33 45
21 34 42
21 35 45
21 40 50
21 41 16
21 42 20
21 43 35
21 45 20
21 46 36
21 47 1
21 48 46
21 49 4
22 3 27
22 4 13
22 5 1
22 7 19
22 8 36
22 9 50
22 10 45
22 12 30
22 13 41
22 14 33
22 15 9
22 16 1
22 17 50
22 18 50
22 19 2
22 23 49
22 24 32
22 25 13
22 26 26
22 27 16
22 29 25
22 30 5
22 31 37
22 32 33
22 33 9
22 34 23
22 35 6
22 36 29
22 37 37
22 38 29
22 39 24
22 40 34
22 42 45
22 43 1
22 44 17
22 46 24
22 47 28
22 48 25
22 49 45
23 3 1
23 6 21
23 7 7
23 8 5
23 9 49
23 10 6
23 11 6
23 12 7
23 13 33
23 14 15
23 16 39
23 17 12
23 18 26
23 19 7
23 20 16
23 21 5
23 22 49
23 24 31
23 25 7
23 26 10
23 27 12
23 28 13
23 29 18
23 31 18
23 32 9
23 33 33
23 34 13
23 35 16
23 36 25
23 38 6
23 39 38
23 40 25
23 42 39
23 43 35
23 44 11
23 45 39
23 47 30
23 48 15
24 2 40
24 3 43
24 4 6
24 5 49
24 7 46
24 8 26
24 9 27
24 11 30
24 12 39
24 14 11
24 15 20
24 16 29
24 17 3
24 18 36
24 19 32
24 21 45
24 22 32
24 23 31
24 25 33
24 27 16
24 29 14
24 31 31
24 32 21
24 34 21
24 35 35
24 37 24
24 38 21
24 39 37
24 40 28
24 42 8
24 43 42
24 45 12
24 46 42
24 47 26
24 49 30
25 2 22
25 3 44
25 4 6
25 6 6
25 7 45
25 8 13
25 9 21
25 11 47
25 12 50
25 15 13
25 17 3
25 18 46
25 19 36
25 21 25
25 22 13
25 23 7
25 24 33
25 27 41
25 28 17
25 30 44
25 32 16
25 33 4
25 34 25
25 35 5
25 37 20
25 39 33
25 40 15
25 41 31
25 42 27
25 46 42
25 47 47
25 48 20
25 49 30
26 1 39
26 2 2
26 3 41
26 4 50
26 5 41
26 6 33
26 7 18
26 8 36
26 10 33
26 11 24
26 13 26
26 14 42
26 15 43
26 16 43
26 17 17
26 19 31
26 20 40
26 21 9
26 22 26
26 23 10
26 28 27
26 29 50
26 30 41
26 31 21
26 32 45
26 33 50
26 36 43
26 38 29
26 39 20
26 40 27
26 41 15
26 42 23
26 43 18
26 44 46
26 45 1
26 46 13
26 47 13
26 48 12
27 1 20
27 3 5
27 4 30
27 5 25
27 6 24
27 7 8
27 8 39
27 9 48
27 10 29
27 11 15
27 12 48
27 14 45
27 15 32
27 16 14
27 19 22
27 20 23
27 21 29
27 22 16
27 23 12
27 24 16
27 25 41
27 29 4
27 30 39
27 31 6
27 32 9
27 33 10
27 34 41
27 35 17
27 36 14
27 38 46
27 39 29
27 40 23
27 41 48
27 43 47
27 44 12
27 45 25
27 46 27
27 47 14
27 48 4
27 49 49
28 1 42
28 3 33
28 4 39
28 5 33
28 6 48
28 7 35
28 8 15
28 9 44
28 10 5
28 13 1
28 14 9
28 15 42
28 16 9
28 17 48
28 19 14
28 20 28
28 23 13
28 25 17
28 26 27
28 29 11
28 30 28
28 31 10
28 33 22
28 35 17
28 37 23
28 39 11
28 40 38
28 42 5
28 43 46
28 44 35
28 46 49
28 47 20
28 49 28
29 1 41
29 2 32
29 3 8
29 4 27
29 5 42
29 6 32
29 7 20
29 8 42
29 9 8
29 10 24
29 11 25
29 12 32
29 15 9
29 21 25
29 22 25
29 23 18
29 24 14
29 26 50
29 27 4
29 28 11
29 30 42
29 31 28
29 32 9
29 33 21
29 35 46
29 38 49
29 39 26
29 40 7
29 43 17
29 45 34
29 46 3
29 47 50
29 48 48
29 49 24
30 2 49
30 3 29
30 4 8
30 5 12
30 6 22
30 8 34
30 9 37
30 10 49
30 11 30
30 13 25
30 14 26
30 15 29
30 17 29
30 18 42
30 19 45
30 22 5
30 25 44
30 26 41
30 27 39
30 28 28
30 29 42
30 33 47
30 34 45
30 36 10
30 37 6
30 39 28
30 40 11
30 42 43
30 43 33
30 44 10
30 46 35
30 47 20
30 48 50
31 2 46
31 3 20
31 4 39
31 6 34
31 8 44
31 10 32
31 11 31
31 12 48
31 14 26
31 15 42
31 16 38
31 17 32
31 18 12
31 19 44
31 21 4
31 22 37
31 23 18
31 24 31
31 26 21
31 27 6
31 28 10
31 29 28
31 33 38
31 34 49
31 35 35
31 36 12
31 37 22
31 38 23
31 39 38
31 40 26
31 41 22
31 42 30
31 44 17
31 45 19
31 46 49
31 48 3
31 49 5
32 1 30
32 2 15
32 3 50
32 4 45
32 6 47
32 8 26
32 9 8
32 10 49
32 11 47
32 12 48
32 15 27
32 16 48
32 17 48
32 18 32
32 19 44
32 20 33
32 21 40
32 22 33
32 23 9
32 24 21
32 25 16
32 26 45
32 27 9
32 29 9
32 34 36
32 37 36
32 38 11
32 40 7
32 42 13
32 43 19
32 44 1
32 46 25
32 49 42
33 2 33
33 5 43
33 6 45
33 8 33
33 10 48
33 13 19
33 14 46
33 18 11
33 19 6
33 21 45
33 22 9
33 23 33
33 25 4
33 26 50
33 27 10
33 28 22
33 29 21
33 30 47
33 31 38
33 36 39
33 37 19
33 39 27
33 40 15
33 42 49
33 43 6
33 44 31
33 46 1
33 47 15
33 49 23
34 1 22
34 2 28
34 5 30
34 6 37
34 7 12
34 8 41
34 9 16
34 10 37
34 12 42
34 13 42
34 14 25
34 16 18
34 17 8
34 18 32
34 19 6
34 21 42
34 22 23
34 23 13
34 24 21
34 25 25
34 27 41
34 30 45
34 31 49
34 32 36
34 36 17
34 37 22
34 38 27
34 39 7
34 40 7
34 41 5
34 42 47
34 43 11
34 47 12
34 48 21
34 49 19
35 3 38
35 4 21
35 5 37
35 6 30
35 7 34
35 8 20
35 9 24
35 10 4
35 11 14
35 12 34
35 13 18
35 14 6
35 15 15
35 16 36
35 17 28
35 18 38
35 19 33
35 21 45
35 22 6
35 23 16
35 24 35
35 25 5
35 27 17
35 28 17
35 29 46
35 31 35
35 39 38
35 40 39
35 41 44
35 42 36
35 43 4
35 46 6
35 47 41
35 48 14
35 49 4
36 2 12
36 5 46
36 6 7
36 7 48
36 8 30
36 10 22
36 12 11
36 13 42
36 15 14
36 16 39
36 17 47
36 19 26
36 22 29
36 23 25
36 26 43
36 27 14
36 30 10
36 31 12
36 33 39
36 34 17
36 37 9
36 38 40
36 40 41
36 41 28
36 42 45
36 43 43
36 44 17
36 46 8
36 47 44
37 1 9
37 2 36
37 4 43
37 6 26
37 7 10
37 8 15
37 10 40
37 13 34
37 15 42
37 17 46
37 18 12
37 19 10
37 22 37
37 24 24
37 25 20
37 28 23
37 30 6
37 31 22
37 32 36
37 33 19
37 34 22
37 36 9
37 39 33
37 40 27
37 41 45
37 42 31
37 44 18
37 45 13
37 46 1
37 48 23
37 49 10
38 1 47
38 3 6
38 4 13
38 5 33
38 6 40
38 8 43
38 9 29
38 10 46
38 11 7
38 13 37
38 14 18
38 15 43
38 18 46
38 19 13
38 22 29
38 23 6
38 24 21
38 26 29
38 27 46
38 29 49
38 31 23
38 32 11
38 34 27
38 36 40
38 39 34
38 43 4
38 44 11
38 48 46
38 49 25
39 1 4
39 4 47
39 5 49
39 6 15
39 8 13
39 9 15
39 10 28
39 11 1
39 12 7
39 14 44
39 15 26
39 16 20
39 18 21
39 20 28
39 22 24
39 23 38
39 24 37
39 25 33
39 26 20
39 27 29
39 28 11
39 29 26
39 30 28
39 31 38
39 33 27
39 34 7
39 35 38
39 37 33
39 38 34
39 40 6
39 41 17
39 42 2
39 45 4
39 46 45
39 47 16
39 48 38
39 49 7
40 1 15
40 2 21
40 5 4
40 6 19
40 9 24
40 12 32
40 13 43
40 14 23
40 16 37
40 17 25
40 19 48
40 20 22
40 21 50
40 22 34
40 23 25
40 24 28
40 25 15
40 26 27
40 27 23
40 28 38
40 29 7
40 30 11
40 31 26
40 32 7
40 33 15
40 34 7
40 35 39
40 36 41
40 37 27
40 39 6
40 44 38
40 45 14
40 46 27
40 48 6
40 49 16
41 1 4
41 4 16
41 5 11
41 6 36
41 7 35
41 9 47
41 10 29
41 11 38
41 12 37
41 13 7
41 14 8
41 16 50
41 17 15
41 19 26
41 20 28
41 21 16
41 25 31
41 26 15
41 27 48
41 31 22
41 34 5
41 35 44
41 36 28
41 37 45
41 39 17
41 42 9
41 43 43
41 45 37
41 48 29
41 49 35
42 1 28
42 5 34
42 7 24
42 9 44
42 10 5
42 11 16
42 13 40
42 17 14
42 19 48
42 21 20
42 22 45
42 23 39
42 24 8
42 25 27
42 26 23
42 28 5
42 30 43
42 31 30
42 32 13
42 33 49
42 34 47
42 35 36
42 36 45
42 37 31
42 39 2
42 41 9
42 45 37
42 47 25
42 48 2
43 4 11
43 6 32
43 7 25
43 8 18
43 9 16
43 11 37
43 12 44
43 13 8
43 16 44
43 18 32
43 21 35
43 22 1
43 23 35
43 24 42
43 26 18
43 27 47
43 28 46
43 29 17
43 30 33
43 32 19
43 33 6
43 34 11
43 35 4
43 36 43
43 38 4
43 41 43
43 44 16
43 45 28
43 47 41
44 1 45
44 2 6
44 3 2
44 4 6
44 5 27
44 7 22
44 8 40
44 9 21
44 12 24
44 13 23
44 14 18
44 15 13
44 16 18
44 17 15
44 18 34
44 19 23
44 20 39
44 22 17
44 23 11
44 26 46
44 27 12
44 28 35
44 30 10
44 31 17
44 32 1
44 33 31
44 36 17
44 37 18
44 38 11
44 40 38
44 43 16
44 45 17
44 46 37
44 47 24
44 49 40
45 1 50
45 2 7
45 3 7
45 4 16
45 5 7
45 6 20
45 7 26
45 8 19
45 9 1
45 10 43
45 11 28
45 12 18
45 13 31
45 15 45
45 16 25
45 17 31
45 18 4
45 19 19
45 20 10
45 21 20
45 23 39
45 24 12
45 26 1
45 27 25
45 29 34
45 31 19
45 37 13
45 39 4
45 40 14
45 41 37
45 42 37
45 43 28
45 44 17
45 47 37
45 49 23
46 1 10
46 2 25
46 3 49
46 7 22
46 8 27
46 10 35
46 13 19
46 14 11
46 15 30
46 17 38
46 18 7
46 20 34
46 21 36
46 22 24
46 24 42
46 25 42
46 26 13
46 27 27
46 28 49
46 29 3
46 30 35
46 31 49
46 32 25
46 33 1
46 35 6
46 36 8
46 37 1
46 39 45
46 40 27
46 44 37
46 47 6
46 48 13
46 49 19
47 2 45
47 3 26
47 5 8
47 6 17
47 8 8
47 11 8
47 14 19
47 15 28
47 16 6
47 18 23
47 19 6
47 21 1
47 22 28
47 23 30
47 24 26
47 25 47
47 26 13
47 27 14
47 28 20
47 29 50
47 30 20
47 33 15
47 34 12
47 35 41
47 36 44
47 39 16
47 42 25
47 43 41
47 44 24
47 45 37
47 46 6
47 48 11
47 49 29
48 1 44
48 2 10
48 3 45
48 4 45
48 7 35
48 8 22
48 10 6
48 11 41
48 12 17
48 14 42
48 15 42
48 16 18
48 17 32
48 19 34
48 20 34
48 21 46
48 22 25
48 23 15
48 25 20
48 26 12
48 27 4
48 29 48
48 30 50
48 31 3
48 34 21
48 35 14
48 37 23
48 38 46
48 39 38
48 40 6
48 41 29
48 42 2
48 46 13
48 47 11
48 49 20
1 t 34
2 t 42
4 t 41
5 t 49
6 t 13
7 t 5
10 t 35
11 t 47
12 t 21
13 t 22
14 t 23
15 t 45
16 t 50
17 t 32
19 t 38
21 t 4
22 t 45
24 t 30
25 t 30
27 t 49
28 t 28
29 t 24
31 t 5
32 t 42
33 t 23
34 t 19
35 t 4
37 t 10
38 t 25
39 t 7
40 t 16
41 t 35
44 t 40
45 t 23
46 t 19
47 t 29
48 t 20
