s 1 47
s 3 43
s 4 37
s 5 10
s 6 25
s 7 19
s 8 29
s 9 6
s 10 34
s 11 10
s 12 5
s 13 10
s 14 8
s 15 38
s 16 17
s 19 6
s 20 35
s 21 4
s 22 46
s 23 37
s 24 26
s 25 34
s 26 24
s 28 26
s 30 10
s 31 48
s 32 40
s 33 43
s 34 48
s 35 26
s 36 27
s 37 9
s 38 1
s 40 20
s 41 18
s 42 4
s 43 36
s 44 41
s 45 24
s 47 42
s 48 4
s 49 15
1 2 10
1 3 33
1 4 13
1 5 20
1 6 3
1 7 10
1 8 40
1 9 27
1 10 29
1 11 43
1 12 33
1 13 3
1 14 4
1 15 49
1 16 14
1 17 10
1 18 8
1 19 14
1 21 3
1 22 17
1 23 18
1 24 16
1 25 37
1 26 9
1 27 42
1 28 41
1 29 45
1 30 33
1 31 25
1 32 6
1 33 32
1 34 7
1 35 50
1 36 14
1 37 16
1 38 30
1 39 24
1 40 17
1 43 28
1 44 32
1 46 25
1 47 24
1 48 29
1 49 12
2 1 10
2 3 40
2 4 19
2 5 40
2 6 1
2 7 24
2 8 32
2 9 7
2 10 8
2 11 3
2 12 17
2 13 4
2 14 25
2 15 9
2 17 48
2 18 36
2 19 10
2 20 14
2 22 21
2 23 4
2 25 28
2 26 27
2 27 26
2 28 38
2 29 4
2 30 46
2 32 18
2 33 19
2 34 42
2 35 17
2 36 45
2 37 11
2 38 1
2 39 35
2 40 44
2 41 42
2 42 6
2 44 11
2 45 26
2 46 8
2 47 49
2 48 27
2 49 14
3 1 33
3 2 40
3 4 19
3 5 2
3 7 3
3 8 43
3 9 40
3 10 26
3 11 45
3 12 38
3 13 22
3 14 22
3 15 41
3 16 24
3 18 49
3 19 16
3 20 25
3 21 32
3 22 39
3 24 15
3 25 7
3 26 43
3 28 33
3 29 33
3 30 45
3 31 29
3 32 34
3 33 22
3 34 3
3 35 4
3 36 44
3 37 39
3 38 49
3 39 21
3 40 26
3 41 49
3 42 35
3 43 50
3 44 6
3 45 4
3 46 22
3 49 15
4 1 13
4 2 19
4 3 19
4 5 41
4 6 25
4 7 25
4 8 23
4 9 25
4 10 47
4 11 15
4 12 29
4 13 16
4 14 20
4 15 11
4 17 30
4 18 12
4 20 49
4 21 11
4 22 1
4 23 9
4 24 2
4 26 13
4 28 46
4 29 42
4 31 9
4 32 9
4 33 45
4 34 40
4 35 2
4 36 14
4 37 22
4 39 28
4 40 21
4 41 16
4 42 41
4 45 13
4 46 27
4 48 19
4 49 4
5 1 20
5 2 40
5 3 2
5 4 41
5 6 6
5 7 43
5 8 7
5 9 41
5 12 23
5 13 3
5 14 44
5 15 33
5 17 29
5 19 34
5 20 15
5 21 12
5 22 3
5 23 26
5 24 35
5 25 8
5 26 38
5 27 42
5 28 24
5 29 5
5 30 7
5 31 9
5 32 26
5 33 32
5 34 44
5 35 50
5 37 48
5 38 37
5 41 24
5 42 13
5 43 43
5 44 45
5 45 43
5 48 41
5 49 44
6 1 3
6 2 1
6 4 25
6 5 6
6 8 45
6 9 21
6 10 45
6 11 19
6 12 39
6 13 1
6 14 32
6 15 33
6 16 35
6 17 34
6 18 21
6 19 27
6 20 3
6 21 33
6 22 35
6 23 5
6 24 6
6 26 1
6 27 49
6 28 32
6 29 4
6 30 50
6 31 46
6 33 50
6 34 18
6 35 17
6 36 2
6 37 16
6 38 2
6 39 24
6 40 12
6 41 9
6 42 26
6 43 19
6 44 16
6 45 32
6 46 28
6 47 1
6 48 10
6 49 21
7 1 10
7 2 24
7 3 3
7 4 25
7 5 43
7 8 29
7 10 45
7 11 9
7 12 36
7 13 4
7 14 7
7 15 40
7 18 22
7 19 17
7 20 44
7 21 50
7 22 48
7 23 10
7 24 20
7 25 42
7 26 6
7 27 48
7 28 9
7 29 39
7 30 15
7 31 14
7 32 26
7 34 31
7 35 25
7 36 38
7 37 23
7 38 48
7 39 5
7 40 49
7 41 17
7 42 3
7 43 50
7 44 20
7 45 45
7 46 1
7 48 10
7 49 34
8 1 40
8 2 32
8 3 43
8 4 23
8 5 7
8 6 45
8 7 29
8 10 9
8 11 39
8 12 34
8 13 34
8 14 13
8 15 49
8 16 16
8 17 39
8 18 22
8 19 37
8 20 5
8 21 50
8 22 16
8 23 35
8 24 20
8 25 21
8 26 45
8 27 36
8 28 34
8 29 23
8 30 6
8 31 44
8 32 16
8 33 43
8 34 27
8 35 39
8 36 36
8 37 30
8 38 31
8 39 50
8 41 48
8 43 34
8 44 16
8 45 32
8 46 37
8 47 1
8 48 14
8 49 50
9 1 27
9 2 7
9 3 40
9 4 25
9 5 41
9 6 21
9 11 26
9 13 18
9 14 30
9 15 8
9 16 37
9 17 29
9 18 37
9 19 36
9 20 4
9 21 30
9 22 26
9 23 1
9 24 26
9 25 49
9 26 35
9 27 25
9 28 47
9 30 47
9 31 25
9 32 2
9 33 47
9 34 30
9 35 32
9 36 24
9 37 20
9 38 42
9 39 29
9 40 2
9 42 2
9 43 38
9 44 13
9 45 2
9 46 28
9 47 30
9 48 10
9 49 27
10 1 29
10 2 8
10 3 26
10 4 47
10 6 45
10 7 45
10 8 9
10 11 10
10 12 46
10 13 35
10 14 8
10 15 25
10 16 33
10 17 27
10 18 9
10 19 3
10 20 31
10 21 16
10 22 43
10 23 5
10 24 15
10 25 17
10 27 22
10 28 39
10 29 20
10 30 28
10 31 6
10 32 25
10 33 26
10 34 18
10 35 15
10 36 43
10 37 41
10 38 36
10 39 12
10 40 38
10 41 6
10 42 26
10 43 19
10 45 2
10 47 5
10 49 23
11 1 43
11 2 3
11 3 45
11 4 15
11 6 19
11 7 9
11 8 39
11 9 26
11 10 10
11 12 18
11 13 39
11 14 15
11 15 20
11 16 34
11 17 10
11 18 3
11 19 35
11 20 10
11 21 48
11 22 38
11 23 31
11 24 1
11 25 39
11 26 26
11 27 5
11 28 45
11 29 14
11 31 2
11 32 20
11 33 12
11 34 42
11 35 36
11 36 49
11 37 48
11 38 29
11 39 45
11 40 6
11 41 32
11 42 33
11 45 32
11 46 24
11 47 41
11 48 11
11 49 48
12 1 33
12 2 17
12 3 38
12 4 29
12 5 23
12 6 39
12 7 36
12 8 34
12 10 46
12 11 18
12 14 49
12 15 13
12 17 1
12 18 42
12 19 7
12 20 33
12 21 49
12 22 4
12 23 35
12 24 26
12 26 26
12 28 40
12 29 43
12 30 14
12 31 11
12 32 25
12 33 48
12 34 1
12 35 16
12 36 42
12 37 6
12 38 6
12 39 15
12 40 48
12 41 17
12 42 9
12 43 8
12 44 27
12 45 8
12 46 20
12 48 33
12 49 18
13 1 3
13 2 4
13 3 22
13 4 16
13 5 3
13 6 1
13 7 4
13 8 34
13 9 18
13 10 35
13 11 39
13 14 7
13 15 10
13 16 36
13 17 32
13 18 49
13 19 15
13 21 15
13 22 3
13 23 8
13 24 8
13 25 31
13 26 22
13 27 1
13 28 26
13 29 46
13 30 20
13 31 42
13 32 25
13 33 39
13 34 13
13 35 38
13 36 42
13 37 22
13 38 29
13 39 18
13 40 31
13 41 32
13 42 26
13 43 36
13 45 28
13 46 14
13 47 1
13 48 26
13 49 20
14 1 4
14 2 25
14 3 22
14 4 20
14 5 44
14 6 32
14 7 7
14 8 13
14 9 30
14 10 8
14 11 15
14 12 49
14 13 7
14 15 38
14 16 40
14 17 19
14 18 47
14 19 48
14 20 37
14 21 22
14 22 46
14 23 13
14 24 23
14 25 37
14 26 23
14 27 22
14 28 25
14 29 9
14 30 39
14 31 38
14 32 4
14 33 24
14 34 49
14 35 26
14 36 29
14 37 4
14 38 30
14 39 47
14 40 47
14 41 45
14 42 15
14 43 25
14 44 40
14 45 50
14 46 3
14 47 38
14 48 26
14 49 18
15 1 49
15 2 9
15 3 41
15 4 11
15 5 33
15 6 33
15 7 40
15 8 49
15 9 8
15 10 25
15 11 20
15 12 13
15 13 10
15 14 38
15 16 14
15 17 32
15 18 18
15 19 22
15 20 40
15 21 16
15 22 43
15 23 1
15 24 48
15 25 26
15 26 33
15 27 34
15 28 13
15 29 2
15 30 36
15 31 33
15 32 3
15 33 42
15 34 5
15 35 9
15 36 14
15 37 38
15 38 48
15 39 17
15 40 2
15 41 13
15 42 41
15 43 2
15 44 41
15 45 28
15 46 42
15 47 1
15 48 17
15 49 43
16 1 14
16 3 24
16 6 35
16 8 16
16 9 37
16 10 33
16 11 34
16 13 36
16 14 40
16 15 14
16 17 25
16 19 48
16 20 33
16 21 30
16 22 43
16 23 7
16 24 11
16 25 4
16 27 27
16 28 1
16 29 46
16 30 14
16 31 50
16 32 3
16 33 15
16 34 13
16 35 36
16 36 18
16 37 49
16 38 21
16 39 4
16 40 27
16 41 7
16 42 3
16 43 11
16 44 21
16 45 11
16 46 1
16 47 28
16 48 11
16 49 3
17 1 10
17 2 48
17 4 30
17 5 29
17 6 34
17 8 39
17 9 29
17 10 27
17 11 10
17 12 1
17 13 32
17 14 19
17 15 32
17 16 25
17 18 4
17 19 6
17 20 41
17 21 27
17 22 18
17 23 36
17 24 35
17 25 37
17 26 28
17 27 2
17 29 8
17 30 14
17 31 21
17 32 13
17 33 25
17 34 4
17 35 26
17 36 21
17 37 37
17 38 44
17 39 1
17 40 9
17 41 4
17 42 21
17 43 12
17 44 47
17 46 30
17 47 6
17 48 47
17 49 3
18 1 8
18 2 36
18 3 49
18 4 12
18 6 21
18 7 22
18 8 22
18 9 37
18 10 9
18 11 3
18 12 42
18 13 49
18 14 47
18 15 18
18 17 4
18 19 10
18 20 28
18 21 35
18 22 3
18 23 16
18 24 3
18 25 6
18 26 18
18 27 18
18 28 49
18 30 8
18 31 20
18 32 41
18 33 39
18 34 35
18 35 29
18 38 26
18 39 42
18 40 45
18 41 35
18 42 34
18 43 25
18 44 16
18 45 6
18 46 41
18 47 35
18 48 7
18 49 14
19 1 14
19 2 10
19 3 16
19 5 34
19 6 27
19 7 17
19 8 37
19 9 36
19 10 3
19 11 35
19 12 7
19 13 15
19 14 48
19 15 22
19 16 48
19 17 6
19 18 10
19 20 8
19 21 9
19 22 37
19 23 18
19 24 25
19 26 36
19 27 43
19 28 23
19 29 22
19 30 25
19 31 30
19 32 41
19 33 3
19 34 41
19 35 26
19 36 14
19 37 11
19 38 45
19 39 15
19 40 42
19 41 37
19 43 44
19 44 24
19 45 25
19 46 24
19 47 21
19 48 18
19 49 7
20 2 14
20 3 25
20 4 49
20 5 15
20 6 3
20 7 44
20 8 5
20 9 4
20 10 31
20 11 10
20 12 33
20 14 37
20 15 40
20 16 33
20 17 41
20 18 28
20 19 8
20 21 18
20 22 46
20 23 18
20 24 29
20 26 45
20 28 10
20 29 44
20 30 4
20 31 19
20 32 2
20 33 45
20 34 7
20 35 33
20 36 48
20 38 38
20 39 6
20 40 48
20 41 5
20 42 26
20 43 47
20 44 7
20 45 3
20 47 50
20 48 41
20 49 47
21 1 3
21 3 32
21 4 11
21 5 12
21 6 33
21 7 50
21 8 50
21 9 30
21 10 16
21 11 48
21 12 49
21 13 15
21 14 22
21 15 16
21 16 30
21 17 27
21 18 35
21 19 9
21 20 18
21 22 35
21 23 12
21 24 20
21 26 11
21 28 41
21 29 45
21 30 1
21 31 50
21 32 5
21 33 31
21 34 42
21 35 12
21 36 11
21 37 11
21 38 22
21 40 50
21 41 36
21 42 33
21 43 9
21 44 21
21 45 30
21 46 10
21 47 20
21 48 36
21 49 49
22 1 17
22 2 21
22 3 39
22 4 1
22 5 3
22 6 35
22 7 48
22 8 16
22 9 26
22 10 43
22 11 38
22 12 4
22 13 3
22 14 46
22 15 43
22 16 43
22 17 18
22 18 3
22 19 37
22 20 46
22 21 35
22 23 46
22 24 14
22 25 3
22 26 24
22 27 49
22 28 46
22 29 11
22 31 23
22 32 25
22 33 3
22 35 41
22 36 10
22 37 19
22 38 13
22 39 41
22 40 4
22 41 4
22 42 42
22 44 21
22 45 36
22 47 24
22 48 48
22 49 6
23 1 18
23 2 4
23 4 9
23 5 26
23 6 5
23 7 10
23 8 35
23 9 1
23 10 5
23 11 31
23 12 35
23 13 8
23 14 13
23 15 1
23 16 7
23 17 36
23 18 16
23 19 18
23 20 18
23 21 12
23 22 46
23 24 3
23 25 2
23 26 18
23 27 19
23 28 39
23 29 49
23 30 28
23 31 38
23 33 37
23 34 31
23 35 32
23 36 15
23 37 31
23 38 3
23 39 18
23 40 7
23 41 12
23 42 50
23 43 35
23 44 14
23 45 11
23 46 16
23 47 15
23 48 22
23 49 49
24 1 16
24 3 15
24 4 2
24 5 35
24 6 6
24 7 20
24 8 20
24 9 26
24 10 15
24 11 1
24 12 26
24 13 8
24 14 23
24 15 48
24 16 11
24 17 35
24 18 3
24 19 25
24 20 29
24 21 20
24 22 14
24 23 3
24 25 22
24 26 13
24 27 44
24 28 10
24 29 49
24 30 36
24 31 19
24 32 37
24 33 34
24 34 20
24 35 23
24 36 38
24 38 47
24 39 40
24 40 21
24 41 27
24 42 9
24 43 17
24 44 30
24 45 11
24 46 18
24 47 5
24 48 44
24 49 39
25 1 37
25 2 28
25 3 7
25 5 8
25 7 42
25 8 21
25 9 49
25 10 17
25 11 39
25 13 31
25 14 37
25 15 26
25 16 4
25 17 37
25 18 6
25 22 3
25 23 2
25 24 22
25 26 3
25 27 26
25 28 37
25 29 50
25 30 14
25 31 45
25 32 45
25 33 15
25 34 34
25 35 20
25 36 9
25 37 18
25 38 15
25 40 41
25 42 33
25 44 18
25 45 21
25 47 46
25 48 21
26 1 9
26 2 27
26 3 43
26 4 13
26 5 38
26 6 1
26 7 6
26 8 45
26 9 35
26 11 26
26 12 26
26 13 22
26 14 23
26 15 33
26 17 28
26 18 18
26 19 36
26 20 45
26 21 11
26 22 24
26 23 18
26 24 13
26 25 3
26 27 25
26 28 9
26 29 36
26 31 11
26 32 17
26 33 5
26 34 13
26 35 15
26 36 44
26 37 17
26 38 50
26 39 23
26 40 3
26 41 9
26 42 26
26 43 48
26 44 24
26 45 41
26 46 22
26 47 30
26 48 21
26 49 28
27 1 42
27 2 26
27 5 42
27 6 49
27 7 48
27 8 36
27 9 25
27 10 22
27 11 5
27 13 1
27 14 22
27 15 34
27 16 27
27 17 2
27 18 18
27 19 43
27 22 49
27 23 19
27 24 44
27 25 26
27 26 25
27 28 41
27 29 13
27 30 14
27 31 20
27 32 2
27 33 47
27 34 17
27 35 14
27 36 36
27 37 33
27 38 16
27 40 38
27 42 7
27 43 43
27 44 40
27 46 20
27 48 50
27 49 14
28 1 41
28 2 38
28 3 33
28 4 46
28 5 24
28 6 32
28 7 9
28 8 34
28 9 47
28 10 39
28 11 45
28 12 40
28 13 26
28 14 25
28 15 13
28 16 1
28 18 49
28 19 23
28 20 10
28 21 41
28 22 46
28 23 39
28 24 10
28 25 37
28 26 9
28 27 41
28 29 38
28 30 22
28 31 16
28 32 6
28 33 24
28 34 28
28 35 27
28 36 17
28 37 33
28 40 25
28 41 48
28 42 24
28 43 25
28 44 3
28 45 2
28 46 7
28 47 48
28 48 20
28 49 12
29 1 45
29 2 4
29 3 33
29 4 42
29 5 5
29 6 4
29 7 39
29 8 23
29 10 20
29 11 14
29 12 43
29 13 46
29 14 9
29 15 2
29 16 46
29 17 8
29 19 22
29 20 44
29 21 45
29 22 11
29 23 49
29 24 49
29 25 50
29 26 36
29 27 13
29 28 38
29 30 10
29 31 18
29 32 41
29 33 19
29 34 35
29 35 32
29 36 41
29 37 26
29 38 27
29 39 47
29 40 13
29 42 6
29 43 16
29 44 14
29 45 9
29 46 49
29 47 33
29 48 40
29 49 47
30 1 33
30 2 46
30 3 45
30 5 7
30 6 50
30 7 15
30 8 6
30 9 47
30 10 28
30 12 14
30 13 20
30 14 39
30 15 36
30 16 14
30 17 14
30 18 8
30 19 25
30 20 4
30 21 1
30 23 28
30 24 36
30 25 14
30 27 14
30 28 22
30 29 10
30 31 43
30 32 1
30 33 2
30 34 38
30 35 14
30 36 24
30 37 27
30 38 12
30 39 29
30 40 42
30 41 49
30 43 8
30 44 49
30 45 24
30 46 15
30 47 16
30 48 9
31 1 25
31 3 29
31 4 9
31 5 9
31 6 46
31 7 14
31 8 44
31 9 25
31 10 6
31 11 2
31 12 11
31 13 42
31 14 38
31 15 33
31 16 50
31 17 21
31 18 20
31 19 30
31 20 19
31 21 50
31 22 23
31 23 38
31 24 19
31 25 45
31 26 11
31 27 20
31 28 16
31 29 18
31 30 43
31 32 6
31 33 33
31 34 20
31 35 48
31 36 44
31 37 29
31 38 47
31 39 37
31 40 19
31 42 4
31 43 41
31 45 42
31 46 47
31 47 4
31 48 1
31 49 33
32 1 6
32 2 18
32 3 34
32 4 9
32 5 26
32 7 26
32 8 16
32 9 2
32 10 25
32 11 20
32 12 25
32 13 25
32 14 4
32 15 3
32 16 3
32 17 13
32 18 41
32 19 41
32 20 2
32 21 5
32 22 25
32 24 37
32 25 45
32 26 17
32 27 2
32 28 6
32 29 41
32 30 1
32 31 6
32 33 37
32 34 41
32 35 8
32 36 43
32 37 11
32 38 33
32 39 45
32 40 7
32 41 36
32 42 14
32 43 38
32 44 37
32 45 32
32 46 13
32 47 36
32 48 37
32 49 48
33 1 32
33 2 19
33 3 22
33 4 45
33 5 32
33 6 50
33 8 43
33 9 47
33 10 26
33 11 12
33 12 48
33 13 39
33 14 24
33 15 42
33 16 15
33 17 25
33 18 39
33 19 3
33 20 45
33 21 31
33 22 3
33 23 37
33 24 34
33 25 15
33 26 5
33 27 47
33 28 24
33 29 19
33 30 2
33 31 33
33 32 37
33 34 34
33 35 36
33 36 35
33 38 44
33 39 22
33 40 8
33 41 31
33 42 36
33 43 25
33 46 22
33 47 30
33 48 14
33 49 48
34 1 7
34 2 42
34 3 3
34 4 40
34 5 44
34 6 18
34 7 31
34 8 27
34 9 30
34 10 18
34 11 42
34 12 1
34 13 13
34 14 49
34 15 5
34 16 13
34 17 4
34 18 35
34 19 41
34 20 7
34 21 42
34 23 31
34 24 20
34 25 34
34 26 13
34 27 17
34 28 28
34 29 35
34 30 38
34 31 20
34 32 41
34 33 34
34 35 49
34 36 14
34 37 15
34 38 4
34 39 9
34 40 2
34 41 27
34 42 47
34 43 7
34 44 35
34 45 19
34 46 28
34 47 47
34 48 46
34 49 36
35 1 50
35 2 17
35 3 4
35 4 2
35 5 50
35 6 17
35 7 25
35 8 39
35 9 32
35 10 15
35 11 36
35 12 16
35 13 38
35 14 26
35 15 9
35 16 36
35 17 26
35 18 29
35 19 26
35 20 33
35 21 12
35 22 41
35 23 32
35 24 23
35 25 20
35 26 15
35 27 14
35 28 27
35 29 32
35 30 14
35 31 48
35 32 8
35 33 36
35 34 49
35 36 43
35 37 12
35 38 14
35 39 46
35 40 31
35 41 10
35 42 38
35 43 18
35 44 48
35 45 21
35 46 8
35 47 15
35 48 47
36 1 14
36 2 45
36 3 44
36 4 14
36 6 2
36 7 38
36 8 36
36 9 24
36 10 43
36 11 49
36 12 42
36 13 42
36 14 29
36 15 14
36 16 18
36 17 21
36 19 14
36 20 48
36 21 11
36 22 10
36 23 15
36 24 38
36 25 9
36 26 44
36 27 36
36 28 17
36 29 41
36 30 24
36 31 44
36 32 43
36 33 35
36 34 14
36 35 43
36 37 47
36 38 15
36 39 48
36 40 21
36 41 15
36 42 7
36 43 32
36 45 36
36 46 16
36 47 32
36 48 16
37 1 16
37 2 11
37 3 39
37 4 22
37 5 48
37 6 16
37 7 23
37 8 30
37 9 20
37 10 41
37 11 48
37 12 6
37 13 22
37 14 4
37 15 38
37 16 49
37 17 37
37 19 11
37 21 11
37 22 19
37 23 31
37 25 18
37 26 17
37 27 33
37 28 33
37 29 26
37 30 27
37 31 29
37 32 11
37 34 15
37 35 12
37 36 47
37 38 17
37 39 22
37 40 49
37 41 29
37 42 14
37 43 42
37 44 36
37 45 26
37 46 16
37 47 36
37 48 13
37 49 14
38 1 30
38 2 1
38 3 49
38 5 37
38 6 2
38 7 48
38 8 31
38 9 42
38 10 36
38 11 29
38 12 6
38 13 29
38 14 30
38 15 48
38 16 21
38 17 44
38 18 26
38 19 45
38 20 38
38 21 22
38 22 13
38 23 3
38 24 47
38 25 15
38 26 50
38 27 16
38 29 27
38 30 12
38 31 47
38 32 33
38 33 44
38 34 4
38 35 14
38 36 15
38 37 17
38 39 6
38 40 3
38 41 10
38 42 8
38 44 30
38 45 38
38 46 16
38 47 6
38 48 39
38 49 44
39 1 24
39 2 35
39 3 21
39 4 28
39 6 24
39 7 5
39 8 50
39 9 29
39 10 12
39 11 45
39 12 15
39 13 18
39 14 47
39 15 17
39 16 4
39 17 1
39 18 42
39 19 15
39 20 6
39 22 41
39 23 18
39 24 40
39 26 23
39 29 47
39 30 29
39 31 37
39 32 45
39 33 22
39 34 9
39 35 46
39 36 48
39 37 22
39 38 6
39 40 8
39 41 25
39 43 13
39 44 43
39 45 1
39 46 16
39 47 24
39 48 5
39 49 26
40 1 17
40 2 44
40 3 26
40 4 21
40 6 12
40 7 49
40 9 2
40 10 38
40 11 6
40 12 48
40 13 31
40 14 47
40 15 2
40 16 27
40 17 9
40 18 45
40 19 42
40 20 48
40 21 50
40 22 4
40 23 7
40 24 21
40 25 41
40 26 3
40 27 38
40 28 25
40 29 13
40 30 42
40 31 19
40 32 7
40 33 8
40 34 2
40 35 31
40 36 21
40 37 49
40 38 3
40 39 8
40 41 36
40 42 30
40 43 15
40 45 30
40 46 45
40 47 1
40 48 33
41 2 42
41 3 49
41 4 16
41 5 24
41 6 9
41 7 17
41 8 48
41 10 6
41 11 32
41 12 17
41 13 32
41 14 45
41 15 13
41 16 7
41 17 4
41 18 35
41 19 37
41 20 5
41 21 36
41 22 4
41 23 12
41 24 27
41 26 9
41 28 48
41 30 49
41 32 36
41 33 31
41 34 27
41 35 10
41 36 15
41 37 29
41 38 10
41 39 25
41 40 36
41 42 34
41 43 18
41 44 7
41 45 45
41 47 4
41 48 12
41 49 9
42 2 6
42 3 35
42 4 41
42 5 13
42 6 26
42 7 3
42 9 2
42 10 26
42 11 33
42 12 9
42 13 26
42 14 15
42 15 41
42 16 3
42 17 21
42 18 34
42 20 26
42 21 33
42 22 42
42 23 50
42 24 9
42 25 33
42 26 26
42 27 7
42 28 24
42 29 6
42 31 4
42 32 14
42 33 36
42 34 47
42 35 38
42 36 7
42 37 14
42 38 8
42 40 30
42 41 34
42 43 1
42 44 17
42 45 47
42 46 15
42 47 16
42 48 42
42 49 6
43 1 28
43 3 50
43 5 43
43 6 19
43 7 50
43 8 34
43 9 38
43 10 19
43 12 8
43 13 36
43 14 25
43 15 2
43 16 11
43 17 12
43 18 25
43 19 44
43 20 47
43 21 9
43 23 35
43 24 17
43 26 48
43 27 43
43 28 25
43 29 16
43 30 8
43 31 41
43 32 38
43 33 25
43 34 7
43 35 18
43 36 32
43 37 42
43 39 13
43 40 15
43 41 18
43 42 1
43 44 15
43 45 46
43 46 4
43 47 29
43 48 43
43 49 33
44 1 32
44 2 11
44 3 6
44 5 45
44 6 16
44 7 20
44 8 16
44 9 13
44 12 27
44 14 40
44 15 41
44 16 21
44 17 47
44 18 16
44 19 24
44 20 7
44 21 21
44 22 21
44 23 14
44 24 30
44 25 18
44 26 24
44 27 40
44 28 3
44 29 14
44 30 49
44 32 37
44 34 35
44 35 48
44 37 36
44 38 30
44 39 43
44 41 7
44 42 17
44 43 15
44 45 39
44 46 17
44 47 35
44 48 21
44 49 50
45 2 26
45 3 4
45 4 13
45 5 43
45 6 32
45 7 45
45 8 32
45 9 2
45 10 2
45 11 32
45 12 8
45 13 28
45 14 50
45 15 28
45 16 11
45 18 6
45 19 25
45 20 3
45 21 30
45 22 36
45 23 11
45 24 11
45 25 21
45 26 41
45 28 2
45 29 9
45 30 24
45 31 42
45 32 32
45 34 19
45 35 21
45 36 36
45 37 26
45 38 38
45 39 1
45 40 30
45 41 45
45 42 47
45 43 46
45 44 39
45 46 33
45 47 31
45 48 39
45 49 5
46 1 25
46 2 8
46 3 22
46 4 27
46 6 28
46 7 1
46 8 37
46 9 28
46 11 24
46 12 20
46 13 14
46 14 3
46 15 42
46 16 1
46 17 30
46 18 41
46 19 24
46 21 10
46 23 16
46 24 18
46 26 22
46 27 20
46 28 7
46 29 49
46 30 15
46 31 47
46 32 13
46 33 22
46 34 28
46 35 8
46 36 16
46 37 16
46 38 16
46 39 16
46 40 45
46 42 15
46 43 4
46 44 17
46 45 33
46 47 19
46 48 38
46 49 45
47 1 24
47 2 49
47 6 1
47 8 1
47 9 30
47 10 5
47 11 41
47 13 1
47 14 38
47 15 1
47 16 28
47 17 6
47 18 35
47 19 21
47 20 50
47 21 20
47 22 24
47 23 15
47 24 5
47 25 46
47 26 30
47 28 48
47 29 33
47 30 16
47 31 4
47 32 36
47 33 30
47 34 47
47 35 15
47 36 32
47 37 36
47 38 6
47 39 24
47 40 1
47 41 4
47 42 16
47 43 29
47 44 35
47 45 31
47 46 19
47 48 1
47 49 17
48 1 29
48 2 27
48 4 19
48 5 41
48 6 10
48 7 10
48 8 14
48 9 10
48 11 11
48 12 33
48 13 26
48 14 26
48 15 17
48 16 11
48 17 47
48 18 7
48 19 18
48 20 41
48 21 36
48 22 48
48 23 22
48 24 44
48 25 21
48 26 21
48 27 50
48 28 20
48 29 40
48 30 9
48 31 1
48 32 37
48 33 14
48 34 46
48 35 47
48 36 16
48 37 13
48 38 39
48 39 5
48 40 33
48 41 12
48 42 42
48 43 43
48 44 21
48 45 39
48 46 38
48 47 1
1 t 12
2 t 14
3 t 15
4 t 4
5 t 44
6 t 21
7 t 34
8 t 50
9 t 27
10 t 23
11 t 48
12 t 18
13 t 20
14 t 18
15 t 43
16 t 3
17 t 3
18 t 14
19 t 7
20 t 47
21 t 49
22 t 6
23 t 49
24 t 39
26 t 28
27 t 14
28 t 12
29 t 47
31 t 33
32 t 48
33 t 48
34 t 36
37 t 14
38 t 44
39 t 26
41 t 9
42 t 6
43 t 33
44 t 50
45 t 5
46 t 45
47 t 17
