s 2 38
s 8 12
s 9 47
s 18 30
s 29 22
s 31 49
s 32 4
s 35 44
s 37 45
s 42 25
s 46 29
s 47 45
1 5 47
1 7 6
1 8 21
1 16 38
1 18 13
1 19 24
1 26 19
1 27 26
1 29 47
1 31 9
1 32 21
1 36 8
1 38 32
1 43 16
1 46 38
2 3 10
2 5 32
2 8 23
2 12 15
2 14 48
2 17 29
2 21 22
2 24 22
2 31 29
2 33 9
2 34 41
2 37 1
2 42 37
2 44 43
2 45 9
2 48 32
3 2 10
3 4 10
3 8 17
3 10 8
3 11 47
3 14 14
3 15 32
3 20 3
3 25 21
3 26 31
3 28 35
3 29 44
3 30 37
3 31 14
3 34 44
3 39 27
3 40 8
3 42 8
4 3 10
4 8 40
4 12 32
4 14 12
4 18 37
4 23 35
4 32 41
4 33 17
4 34 7
4 40 16
4 43 39
4 44 12
4 45 31
4 47 45
4 49 41
5 1 47
5 2 32
5 12 25
5 15 1
5 21 5
5 22 3
5 28 46
5 30 28
5 33 28
5 35 39
5 36 14
5 40 13
5 45 10
6 9 36
6 11 5
6 13 35
6 18 35
6 38 27
6 42 32
6 44 33
6 49 15
7 1 6
7 11 33
7 14 21
7 16 35
7 20 20
7 27 31
7 34 20
7 40 33
7 41 11
7 43 22
7 45 24
7 49 30
8 1 21
8 2 23
8 3 17
8 4 40
8 10 37
8 11 9
8 15 44
8 21 33
8 27 39
8 28 18
8 30 8
8 33 12
8 34 43
8 38 9
8 43 34
8 44 1
8 45 3
8 46 27
8 48 36
9 6 36
9 25 11
9 29 49
9 31 39
9 32 7
9 34 32
9 35 40
9 37 15
9 38 46
9 42 34
9 43 25
9 48 40
10 3 8
10 8 37
10 11 44
10 12 22
10 15 37
10 19 13
10 20 21
10 22 42
10 25 23
10 30 41
10 32 4
10 34 47
10 36 47
10 41 45
10 43 35
10 44 43
10 49 3
11 3 47
11 6 5
11 7 33
11 8 9
11 10 44
11 13 44
11 17 43
11 18 39
11 24 43
11 28 5
11 32 21
11 34 18
11 35 38
11 39 6
11 40 36
11 44 26
11 45 34
11 46 31
12 2 15
12 4 32
12 5 25
12 10 22
12 13 37
12 15 48
12 16 2
12 21 4
12 23 21
12 29 34
12 31 36
12 34 34
12 36 23
12 43 24
12 47 50
12 48 26
12 49 47
13 6 35
13 11 44
13 12 37
13 16 50
13 17 19
13 18 38
13 20 47
13 25 33
13 26 11
13 40 22
13 46 9
13 47 16
13 49 27
14 2 48
14 3 14
14 4 12
14 7 21
14 19 19
14 20 8
14 30 41
14 32 22
14 39 30
14 43 23
14 46 41
15 3 32
15 5 1
15 8 44
15 10 37
15 12 48
15 17 1
15 27 11
15 29 45
15 30 40
15 40 8
15 45 28
15 46 15
15 47 32
15 49 49
16 1 38
16 7 35
16 12 2
16 13 50
16 17 36
16 21 14
16 22 10
16 25 14
16 27 29
16 33 6
16 35 29
16 41 41
16 43 49
16 48 35
16 49 22
17 2 29
17 11 43
17 13 19
17 15 1
17 16 36
17 20 49
17 23 6
17 27 7
17 29 2
17 35 41
17 37 9
17 41 7
17 42 38
17 45 1
18 1 13
18 4 37
18 6 35
18 11 39
18 13 38
18 22 41
18 24 9
18 30 12
18 31 36
18 37 44
18 38 16
18 40 8
18 42 22
18 45 29
18 46 7
18 47 14
18 49 30
19 1 24
19 10 13
19 14 19
19 24 29
19 26 17
19 27 38
19 28 49
19 34 25
19 37 6
19 38 30
19 39 46
19 43 19
19 47 39
20 3 3
20 7 20
20 10 21
20 13 47
20 14 8
20 17 49
20 23 14
20 24 18
20 25 35
20 27 37
20 29 40
20 33 13
20 37 23
20 38 44
20 43 13
20 46 1
20 48 1
21 2 22
21 5 5
21 8 33
21 12 4
21 16 14
21 23 20
21 24 14
21 27 23
21 28 24
21 29 16
21 31 49
21 32 3
21 37 22
21 40 38
21 41 49
21 43 50
21 47 32
21 49 19
22 5 3
22 10 42
22 16 10
22 18 41
22 24 24
22 26 41
22 36 23
22 43 38
22 45 27
22 47 17
23 4 35
23 12 21
23 17 6
23 20 14
23 21 20
23 27 41
23 28 44
23 32 9
23 34 37
23 35 5
23 36 3
23 38 50
23 40 6
23 41 11
23 43 4
23 47 6
24 2 22
24 11 43
24 18 9
24 19 29
24 20 18
24 21 14
24 22 24
24 25 6
24 27 2
24 31 24
24 32 8
24 36 2
24 44 8
24 45 38
24 48 9
25 3 21
25 9 11
25 10 23
25 13 33
25 16 14
25 20 35
25 24 6
25 27 9
25 33 8
25 37 31
25 38 12
25 39 34
25 42 15
25 44 36
25 47 50
25 48 32
26 1 19
26 3 31
26 13 11
26 19 17
26 22 41
26 30 2
26 33 10
26 34 16
26 38 9
26 42 18
26 44 14
26 47 30
27 1 26
27 7 31
27 8 39
27 15 11
27 16 29
27 17 7
27 19 38
27 20 37
27 21 23
27 23 41
27 24 2
27 25 9
27 29 33
27 35 47
27 36 29
27 38 50
27 41 28
27 43 4
27 45 18
27 46 10
27 48 35
27 49 27
28 3 35
28 5 46
28 8 18
28 11 5
28 19 49
28 21 24
28 23 44
28 29 14
28 31 11
28 34 24
28 35 49
28 36 49
28 38 38
28 46 18
28 47 23
29 1 47
29 3 44
29 9 49
29 12 34
29 15 45
29 17 2
29 20 40
29 21 16
29 27 33
29 28 14
29 31 46
29 38 24
29 39 48
29 43 26
29 46 19
30 3 37
30 5 28
30 8 8
30 10 41
30 14 41
30 15 40
30 18 12
30 26 2
30 32 4
30 36 10
30 38 21
30 40 42
30 46 2
30 49 27
31 1 9
31 2 29
31 3 14
31 9 39
31 12 36
31 18 36
31 21 49
31 24 24
31 28 11
31 29 46
31 37 21
31 41 48
31 43 50
31 44 11
31 46 26
31 47 44
31 49 31
32 1 21
32 4 41
32 9 7
32 10 4
32 11 21
32 14 22
32 21 3
32 23 9
32 24 8
32 30 4
32 35 41
32 40 13
32 46 33
33 2 9
33 4 17
33 5 28
33 8 12
33 16 6
33 20 13
33 25 8
33 26 10
33 34 17
33 36 8
33 37 16
33 43 46
33 44 26
33 45 17
33 48 31
33 49 47
34 2 41
34 3 44
34 4 7
34 7 20
34 8 43
34 9 32
34 10 47
34 11 18
34 12 34
34 19 25
34 23 37
34 26 16
34 28 24
34 33 17
34 44 32
34 47 14
35 5 39
35 9 40
35 11 38
35 16 29
35 17 41
35 23 5
35 27 47
35 28 49
35 32 41
35 36 46
35 37 42
35 41 22
35 43 36
36 1 8
36 5 14
36 10 47
36 12 23
36 22 23
36 23 3
36 24 2
36 27 29
36 28 49
36 30 10
36 33 8
36 35 46
36 39 2
36 45 47
36 47 50
37 2 1
37 9 15
37 17 9
37 18 44
37 19 6
37 20 23
37 21 22
37 25 31
37 31 21
37 33 16
37 35 42
37 39 20
37 41 36
37 43 43
37 46 29
37 47 8
38 1 32
38 6 27
38 8 9
38 9 46
38 18 16
38 19 30
38 20 44
38 23 50
38 25 12
38 26 9
38 27 50
38 28 38
38 29 24
38 30 21
38 45 1
38 46 26
38 47 21
39 3 27
39 11 6
39 14 30
39 19 46
39 25 34
39 29 48
39 36 2
39 37 20
39 40 2
39 41 25
39 43 8
39 44 7
39 46 38
39 47 50
40 3 8
40 4 16
40 5 13
40 7 33
40 11 36
40 13 22
40 15 8
40 18 8
40 21 38
40 23 6
40 30 42
40 32 13
40 39 2
40 47 20
41 7 11
41 10 45
41 16 41
41 17 7
41 21 49
41 23 11
41 27 28
41 31 48
41 35 22
41 37 36
41 39 25
41 42 20
41 43 35
41 45 46
41 46 39
41 47 34
41 48 1
42 2 37
42 3 8
42 6 32
42 9 34
42 17 38
42 18 22
42 25 15
42 26 18
42 41 20
42 43 23
42 45 3
43 1 16
43 4 39
43 7 22
43 8 34
43 9 25
43 10 35
43 12 24
43 14 23
43 16 49
43 19 19
43 20 13
43 21 50
43 22 38
43 23 4
43 27 4
43 29 26
43 31 50
43 33 46
43 35 36
43 37 43
43 39 8
43 41 35
43 42 23
43 44 26
43 45 18
43 46 31
43 48 26
44 2 43
44 4 12
44 6 33
44 8 1
44 10 43
44 11 26
44 24 8
44 25 36
44 26 14
44 31 11
44 33 26
44 34 32
44 39 7
44 43 26
45 2 9
45 4 31
45 5 10
45 7 24
45 8 3
45 11 34
45 15 28
45 17 1
45 18 29
45 22 27
45 24 38
45 27 18
45 33 17
45 36 47
45 38 1
45 41 46
45 42 3
45 43 18
46 1 38
46 8 27
46 11 31
46 13 9
46 14 41
46 15 15
46 18 7
46 20 1
46 27 10
46 28 18
46 29 19
46 30 2
46 31 26
46 32 33
46 37 29
46 38 26
46 39 38
46 41 39
46 43 31
46 47 13
47 4 45
47 12 50
47 13 16
47 15 32
47 18 14
47 19 39
47 21 32
47 22 17
47 23 6
47 25 50
47 26 30
47 28 23
47 31 44
47 34 14
47 36 50
47 37 8
47 38 21
47 39 50
47 40 20
47 41 34
47 46 13
48 2 32
48 8 36
48 9 40
48 12 26
48 16 35
48 20 1
48 24 9
48 25 32
48 27 35
48 33 31
48 41 1
48 43 26
4 t 41
6 t 15
7 t 30
10 t 3
12 t 47
13 t 27
15 t 49
16 t 22
18 t 30
21 t 19
27 t 27
30 t 27
31 t 31
33 t 47
