s 1 25
s 3 6
s 4 32
s 5 3
s 6 45
s 9 42
s 11 39
s 14 4
s 19 38
s 22 27
s 23 49
s 25 19
s 26 41
s 27 37
s 29 33
s 32 29
s 33 4
s 35 48
s 40 26
s 41 31
s 44 10
s 45 3
s 47 7
s 49 22
1 2 16
1 7 22
1 8 34
1 9 3
1 11 22
1 14 50
1 15 18
1 16 43
1 18 9
1 19 5
1 21 43
1 24 31
1 28 40
1 32 43
1 33 42
1 34 2
1 35 13
1 36 49
1 40 49
1 41 19
1 44 26
1 45 33
1 48 50
1 49 44
2 1 16
2 3 5
2 8 49
2 10 25
2 12 23
2 14 49
2 15 5
2 16 26
2 17 6
2 21 25
2 24 41
2 25 12
2 26 37
2 27 15
2 30 30
2 32 41
2 33 30
2 36 28
2 37 38
2 39 40
2 40 7
2 42 28
2 43 2
2 45 50
2 47 23
2 49 23
3 2 5
3 4 9
3 7 43
3 8 3
3 9 9
3 11 6
3 13 18
3 15 3
3 17 39
3 19 25
3 21 24
3 23 4
3 24 47
3 25 18
3 26 44
3 29 47
3 31 13
3 32 6
3 34 49
3 35 5
3 37 7
3 42 26
3 45 42
3 48 9
3 49 45
4 3 9
4 6 12
4 7 31
4 8 21
4 10 13
4 13 14
4 15 29
4 17 38
4 21 44
4 23 3
4 26 29
4 28 25
4 30 28
4 32 47
4 34 19
4 36 1
4 38 49
4 43 2
4 46 43
4 48 36
4 49 25
5 6 20
5 9 49
5 10 12
5 12 12
5 14 18
5 16 25
5 17 35
5 18 46
5 19 43
5 21 6
5 25 25
5 28 40
5 30 11
5 31 10
5 33 15
5 34 22
5 35 5
5 36 33
5 38 17
5 42 46
5 44 23
5 45 9
5 46 15
6 4 12
6 5 20
6 7 15
6 8 47
6 9 42
6 11 24
6 13 10
6 16 16
6 17 40
6 18 11
6 19 41
6 20 4
6 30 28
6 32 12
6 33 17
6 39 13
6 40 42
6 43 29
6 44 42
6 45 48
6 46 13
6 49 7
7 1 22
7 3 43
7 4 31
7 6 15
7 8 39
7 11 25
7 12 1
7 15 9
7 18 41
7 22 31
7 27 5
7 28 12
7 29 28
7 30 11
7 32 41
7 33 9
7 34 23
7 35 22
7 36 18
7 37 36
7 38 28
7 39 15
7 40 9
7 44 6
7 48 36
8 1 34
8 2 49
8 3 3
8 4 21
8 6 47
8 7 39
8 9 24
8 12 27
8 17 3
8 18 33
8 19 47
8 21 48
8 24 32
8 30 49
8 32 48
8 34 48
8 42 31
8 47 5
8 48 16
8 49 28
9 1 3
9 3 9
9 5 49
9 6 42
9 8 24
9 10 41
9 11 28
9 13 44
9 15 24
9 18 7
9 25 19
9 26 16
9 29 47
9 30 46
9 32 41
9 34 6
9 35 25
9 39 14
9 40 12
9 43 5
9 47 34
10 2 25
10 4 13
10 5 12
10 9 41
10 13 9
10 15 2
10 16 47
10 18 34
10 20 35
10 21 6
10 24 32
10 25 36
10 31 35
10 34 48
10 36 41
10 37 12
10 39 15
10 43 1
10 44 45
10 48 39
10 49 11
11 1 22
11 3 6
11 6 24
11 7 25
11 9 28
11 12 10
11 14 31
11 15 45
11 16 45
11 17 13
11 22 25
11 23 48
11 24 37
11 25 28
11 26 41
11 27 20
11 29 22
11 30 14
11 31 21
11 32 14
11 37 16
11 41 38
11 42 32
11 43 1
11 46 6
11 48 38
11 49 8
12 2 23
12 5 12
12 7 1
12 8 27
12 11 10
12 13 46
12 15 19
12 16 6
12 17 9
12 18 20
12 19 43
12 20 49
12 23 26
12 25 50
12 26 20
12 27 14
12 29 36
12 32 23
12 33 48
12 34 33
12 36 36
12 38 18
12 42 18
12 46 12
12 47 16
12 48 5
12 49 11
13 3 18
13 4 14
13 6 10
13 9 44
13 10 9
13 12 46
13 14 34
13 17 50
13 19 20
13 22 6
13 23 4
13 24 28
13 26 31
13 28 35
13 31 6
13 32 15
13 33 30
13 34 37
13 42 8
13 44 42
13 45 14
13 46 40
13 47 4
14 1 50
14 2 49
14 5 18
14 11 31
14 13 34
14 17 35
14 20 19
14 21 30
14 23 29
14 24 31
14 27 4
14 30 38
14 31 13
14 32 43
14 34 4
14 36 17
14 37 44
14 39 13
14 40 25
15 1 18
15 2 5
15 3 3
15 4 29
15 7 9
15 9 24
15 10 2
15 11 45
15 12 19
15 17 1
15 23 10
15 25 44
15 26 6
15 30 20
15 31 10
15 32 15
15 33 11
15 34 20
15 35 23
15 36 42
15 40 50
15 41 1
15 42 29
15 44 37
16 1 43
16 2 26
16 5 25
16 6 16
16 10 47
16 11 45
16 12 6
16 19 12
16 20 25
16 21 39
16 26 14
16 27 19
16 31 16
16 32 49
16 33 33
16 34 32
16 43 17
16 46 19
16 48 33
16 49 37
17 2 6
17 3 39
17 4 38
17 5 35
17 6 40
17 8 3
17 11 13
17 12 9
17 13 50
17 14 35
17 15 1
17 18 13
17 19 21
17 21 2
17 22 19
17 27 10
17 28 32
17 30 2
17 33 10
17 38 50
17 40 7
17 41 25
17 43 34
17 44 45
17 48 39
17 49 29
18 1 9
18 5 46
18 6 11
18 7 41
18 8 33
18 9 7
18 10 34
18 12 20
18 17 13
18 21 28
18 24 30
18 30 48
18 31 37
18 33 48
18 35 17
18 37 4
18 39 42
18 40 1
18 44 45
18 45 12
18 47 11
19 1 5
19 3 25
19 5 43
19 6 41
19 8 47
19 12 43
19 13 20
19 16 12
19 17 21
19 20 30
19 22 43
19 23 4
19 25 16
19 26 6
19 34 12
19 37 50
19 40 28
19 41 42
19 43 48
20 6 4
20 10 35
20 12 49
20 14 19
20 16 25
20 19 30
20 22 15
20 25 40
20 28 6
20 32 48
20 34 6
20 35 14
20 37 3
20 38 48
20 40 26
20 41 36
20 43 39
20 44 50
20 45 50
20 46 13
20 47 17
20 49 50
21 1 43
21 2 25
21 3 24
21 4 44
21 5 6
21 8 48
21 10 6
21 14 30
21 16 39
21 17 2
21 18 28
21 22 7
21 26 17
21 27 37
21 29 21
21 30 41
21 31 49
21 32 10
21 33 27
21 34 19
21 35 14
21 37 44
21 40 50
21 41 16
21 42 45
21 44 25
21 45 22
21 46 49
22 7 31
22 11 25
22 13 6
22 17 19
22 19 43
22 20 15
22 21 7
22 23 19
22 24 33
22 26 14
22 27 45
22 28 13
22 31 16
22 32 5
22 33 31
22 36 40
22 37 47
22 40 10
22 46 47
22 48 14
22 49 49
23 3 4
23 4 3
23 11 48
23 12 26
23 13 4
23 14 29
23 15 10
23 19 4
23 22 19
23 26 8
23 27 18
23 28 5
23 30 44
23 32 29
23 33 48
23 35 44
23 37 2
23 38 43
23 39 15
23 40 4
23 43 36
23 48 26
24 1 31
24 2 41
24 3 47
24 8 32
24 10 32
24 11 37
24 13 28
24 14 31
24 18 30
24 22 33
24 27 22
24 29 42
24 31 35
24 33 16
24 34 3
24 36 4
24 37 30
24 40 34
24 41 27
24 42 35
24 44 33
24 45 28
24 47 43
24 49 24
25 2 12
25 3 18
25 5 25
25 9 19
25 10 36
25 11 28
25 12 50
25 15 44
25 19 16
25 20 40
25 26 43
25 27 6
25 29 35
25 35 37
25 37 48
25 39 44
25 41 11
25 42 6
25 43 31
25 44 46
25 46 16
26 2 37
26 3 44
26 4 29
26 9 16
26 11 41
26 12 20
26 13 31
26 15 6
26 16 14
26 19 6
26 21 17
26 22 14
26 23 8
26 25 43
26 27 46
26 28 4
26 29 11
26 30 5
26 34 38
26 35 47
26 37 34
26 38 20
26 42 49
26 45 22
26 46 47
26 49 42
27 2 15
27 7 5
27 11 20
27 12 14
27 14 4
27 16 19
27 17 10
27 21 37
27 22 45
27 23 18
27 24 22
27 25 6
27 26 46
27 36 24
27 38 41
27 40 36
27 41 1
27 43 43
27 44 10
27 45 40
27 48 39
27 49 33
28 1 40
28 4 25
28 5 40
28 7 12
28 13 35
28 17 32
28 20 6
28 22 13
28 23 5
28 26 4
28 29 5
28 30 11
28 31 3
28 32 1
28 33 19
28 34 31
28 35 13
28 36 37
28 38 7
28 46 34
28 47 4
28 49 2
29 3 47
29 7 28
29 9 47
29 11 22
29 12 36
29 21 21
29 24 42
29 25 35
29 26 11
29 28 5
29 31 10
29 33 16
29 34 28
29 35 48
29 40 9
29 41 48
29 43 5
29 48 31
30 2 30
30 4 28
30 5 11
30 6 28
30 7 11
30 8 49
30 9 46
30 11 14
30 14 38
30 15 20
30 17 2
30 18 48
30 21 41
30 23 44
30 26 5
30 28 11
30 32 36
30 36 46
30 39 22
30 40 24
30 41 21
30 43 6
30 44 50
30 45 26
30 48 49
31 3 13
31 5 10
31 10 35
31 11 21
31 13 6
31 14 13
31 15 10
31 16 16
31 18 37
31 21 49
31 22 16
31 24 35
31 28 3
31 29 10
31 32 44
31 33 10
31 35 21
31 37 43
31 39 5
31 40 29
31 41 16
31 42 26
31 43 31
31 44 26
31 47 33
31 48 46
32 1 43
32 2 41
32 3 6
32 4 47
32 6 12
32 7 41
32 8 48
32 9 41
32 11 14
32 12 23
32 13 15
32 14 43
32 15 15
32 16 49
32 20 48
32 21 10
32 22 5
32 23 29
32 28 1
32 30 36
32 31 44
32 34 17
32 35 32
32 36 44
32 37 50
32 38 9
32 40 38
32 41 34
32 42 50
32 43 46
32 44 5
32 46 25
32 47 20
32 48 3
33 1 42
33 2 30
33 5 15
33 6 17
33 7 9
33 12 48
33 13 30
33 15 11
33 16 33
33 17 10
33 18 48
33 21 27
33 22 31
33 23 48
33 24 16
33 28 19
33 29 16
33 31 10
33 36 28
33 37 11
33 39 47
33 40 31
33 41 28
33 42 44
33 44 26
33 45 13
34 1 2
34 3 49
34 4 19
34 5 22
34 7 23
34 8 48
34 9 6
34 10 48
34 12 33
34 13 37
34 14 4
34 15 20
34 16 32
34 19 12
34 20 6
34 21 19
34 24 3
34 26 38
34 28 31
34 29 28
34 32 17
34 35 15
34 38 41
34 41 26
34 42 1
34 46 38
34 48 33
35 1 13
35 3 5
35 5 5
35 7 22
35 9 25
35 15 23
35 18 17
35 20 14
35 21 14
35 23 44
35 25 37
35 26 47
35 28 13
35 29 48
35 31 21
35 32 32
35 34 15
35 36 42
35 37 26
35 38 44
35 41 24
35 42 35
35 48 10
35 49 31
36 1 49
36 2 28
36 4 1
36 5 33
36 7 18
36 10 41
36 12 36
36 14 17
36 15 42
36 22 40
36 24 4
36 27 24
36 28 37
36 30 46
36 32 44
36 33 28
36 35 42
36 39 32
36 43 9
36 44 21
36 46 22
36 47 30
36 49 24
37 2 38
37 3 7
37 7 36
37 10 12
37 11 16
37 14 44
37 18 4
37 19 50
37 20 3
37 21 44
37 22 47
37 23 2
37 24 30
37 25 48
37 26 34
37 31 43
37 32 50
37 33 11
37 35 26
37 38 3
37 39 21
37 41 11
37 42 4
37 44 40
37 47 48
37 48 25
38 4 49
38 5 17
38 7 28
38 12 18
38 17 50
38 20 48
38 23 43
38 26 20
38 27 41
38 28 7
38 32 9
38 34 41
38 35 44
38 37 3
38 39 33
38 41 4
38 42 29
38 43 13
38 45 34
38 47 17
38 48 8
39 2 40
39 6 13
39 7 15
39 9 14
39 10 15
39 14 13
39 18 42
39 23 15
39 25 44
39 30 22
39 31 5
39 33 47
39 36 32
39 37 21
39 38 33
39 40 50
39 41 25
39 42 22
39 43 17
39 45 1
39 48 35
39 49 16
40 1 49
40 2 7
40 6 42
40 7 9
40 9 12
40 14 25
40 15 50
40 17 7
40 18 1
40 19 28
40 20 26
40 21 50
40 22 10
40 23 4
40 24 34
40 27 36
40 29 9
40 30 24
40 31 29
40 32 38
40 33 31
40 39 50
40 42 17
40 45 31
40 49 10
41 1 19
41 11 38
41 15 1
41 17 25
41 19 42
41 20 36
41 21 16
41 24 27
41 25 11
41 27 1
41 29 48
41 30 21
41 31 16
41 32 34
41 33 28
41 34 26
41 35 24
41 37 11
41 38 4
41 39 25
41 43 12
41 44 29
41 46 14
41 47 41
41 48 29
41 49 6
42 2 28
42 3 26
42 5 46
42 8 31
42 11 32
42 12 18
42 13 8
42 15 29
42 21 45
42 24 35
42 25 6
42 26 49
42 31 26
42 32 50
42 33 44
42 34 1
42 35 35
42 37 4
42 38 29
42 39 22
42 40 17
42 43 34
42 44 24
42 48 27
42 49 47
43 2 2
43 4 2
43 6 29
43 9 5
43 10 1
43 11 1
43 16 17
43 17 34
43 19 48
43 20 39
43 23 36
43 25 31
43 27 43
43 29 5
43 30 6
43 31 31
43 32 46
43 36 9
43 38 13
43 39 17
43 41 12
43 42 34
43 45 48
43 47 28
44 1 26
44 5 23
44 6 42
44 7 6
44 10 45
44 13 42
44 15 37
44 17 45
44 18 45
44 20 50
44 21 25
44 24 33
44 25 46
44 27 10
44 30 50
44 31 26
44 32 5
44 33 26
44 36 21
44 37 40
44 41 29
44 42 24
44 45 40
44 46 15
44 49 22
45 1 33
45 2 50
45 3 42
45 5 9
45 6 48
45 13 14
45 18 12
45 20 50
45 21 22
45 24 28
45 26 22
45 27 40
45 30 26
45 33 13
45 38 34
45 39 1
45 40 31
45 43 48
45 44 40
45 46 42
45 47 7
46 4 43
46 5 15
46 6 13
46 11 6
46 12 12
46 13 40
46 16 19
46 20 13
46 21 49
46 22 47
46 25 16
46 26 47
46 28 34
46 32 25
46 34 38
46 36 22
46 41 14
46 44 15
46 45 42
46 47 3
46 49 50
47 2 23
47 8 5
47 9 34
47 12 16
47 13 4
47 18 11
47 20 17
47 24 43
47 28 4
47 31 33
47 32 20
47 36 30
47 37 48
47 38 17
47 41 41
47 43 28
47 45 7
47 46 3
47 49 29
48 1 50
48 3 9
48 4 36
48 7 36
48 8 16
48 10 39
48 11 38
48 12 5
48 16 33
48 17 39
48 22 14
48 23 26
48 27 39
48 29 31
48 30 49
48 31 46
48 32 3
48 34 33
48 35 10
48 37 25
48 38 8
48 39 35
48 41 29
48 42 27
48 49 3
1 t 44
2 t 23
3 t 45
4 t 25
6 t 7
8 t 28
10 t 11
11 t 8
12 t 11
16 t 37
17 t 29
20 t 50
22 t 49
24 t 24
26 t 42
27 t 33
28 t 2
35 t 31
36 t 24
39 t 16
40 t 10
41 t 6
42 t 47
44 t 22
46 t 50
47 t 29
48 t 3
