s 11 35
s 13 2
s 21 41
s 22 17
s 23 25
s 34 29
s 39 2
s 40 47
1 10 48
1 13 43
1 14 44
1 18 34
1 19 41
1 21 39
1 32 30
1 38 13
1 45 14
1 47 42
1 48 21
2 6 24
2 8 25
2 27 23
2 32 50
2 34 4
2 40 14
2 42 27
3 5 19
3 12 37
3 16 30
3 17 8
3 27 3
3 28 9
3 37 8
3 40 30
4 5 34
4 6 18
4 14 48
4 24 10
4 25 27
4 33 17
4 35 20
4 42 46
4 43 7
4 44 33
4 45 40
5 3 19
5 4 34
5 12 38
5 17 26
5 19 49
5 24 33
5 27 37
5 30 4
5 35 3
6 2 24
6 4 18
6 18 23
6 21 6
6 22 1
6 28 6
6 29 31
6 31 20
6 37 23
7 22 25
7 36 22
7 40 10
7 41 48
7 42 9
7 48 33
8 2 25
8 10 38
8 13 49
8 19 43
8 22 48
8 28 42
8 32 49
8 37 25
8 40 21
8 46 32
9 10 37
9 18 42
9 20 41
9 23 49
9 24 44
9 25 2
9 30 32
9 38 44
9 40 29
9 41 30
9 42 17
9 46 5
10 1 48
10 8 38
10 9 37
10 14 26
10 15 28
10 20 9
10 25 14
10 29 34
10 40 39
10 43 15
10 44 15
10 47 2
10 48 8
11 13 32
11 14 9
11 21 11
11 22 17
11 31 31
11 37 3
11 44 44
11 45 40
11 48 13
12 3 37
12 5 38
12 19 40
12 20 18
12 25 4
12 28 44
12 30 47
12 31 42
12 34 46
12 35 1
12 47 12
13 1 43
13 8 49
13 11 32
13 14 39
13 16 47
13 19 33
13 28 19
13 31 17
13 33 47
13 42 44
13 44 6
13 46 31
13 49 31
14 1 44
14 4 48
14 10 26
14 11 9
14 13 39
14 16 7
14 17 2
14 22 49
14 23 42
14 26 33
14 33 37
14 35 4
14 36 23
14 44 7
14 47 18
14 49 3
15 10 28
15 36 6
15 41 14
15 43 32
15 44 12
15 45 11
16 3 30
16 13 47
16 14 7
16 22 37
17 3 8
17 5 26
17 14 2
17 19 28
17 33 31
17 36 45
18 1 34
18 6 23
18 9 42
18 23 9
18 27 6
18 29 35
18 30 1
18 31 9
18 36 32
18 39 23
18 47 24
18 48 17
19 1 41
19 5 49
19 8 43
19 12 40
19 13 33
19 17 28
19 21 6
19 31 44
19 32 16
19 41 40
19 47 27
19 49 10
20 9 41
20 10 9
20 12 18
20 22 36
20 25 29
20 29 12
20 30 39
20 34 39
20 40 39
20 46 28
20 47 14
21 1 39
21 6 6
21 11 11
21 19 6
21 24 8
21 34 47
21 42 25
21 47 13
22 6 1
22 7 25
22 8 48
22 11 17
22 14 49
22 16 37
22 20 36
22 24 12
22 27 33
22 32 32
22 33 5
22 41 18
22 43 16
23 9 49
23 14 42
23 18 9
23 26 37
23 29 28
23 36 36
23 39 41
23 40 25
23 43 41
23 44 10
24 4 10
24 5 33
24 9 44
24 21 8
24 22 12
24 37 37
24 42 13
24 43 2
24 44 21
25 4 27
25 9 2
25 10 14
25 12 4
25 20 29
25 32 26
25 40 9
26 14 33
26 23 37
26 33 46
26 47 8
27 2 23
27 3 3
27 5 37
27 18 6
27 22 33
27 28 2
27 30 35
27 31 9
27 40 16
28 3 9
28 6 6
28 8 42
28 12 44
28 13 19
28 27 2
28 39 8
28 42 50
28 47 40
29 6 31
29 10 34
29 18 35
29 20 12
29 23 28
29 30 32
29 42 4
30 5 4
30 9 32
30 12 47
30 18 1
30 20 39
30 27 35
30 29 32
30 34 13
30 41 15
30 45 11
30 48 18
31 6 20
31 11 31
31 12 42
31 13 17
31 18 9
31 19 44
31 27 9
31 35 16
31 39 33
31 41 50
31 43 17
32 1 30
32 2 50
32 8 49
32 19 16
32 22 32
32 25 26
32 34 9
32 35 5
32 38 16
33 4 17
33 13 47
33 14 37
33 17 31
33 22 5
33 26 46
33 37 41
34 2 4
34 12 46
34 20 39
34 21 47
34 30 13
34 32 9
34 35 35
34 36 7
34 39 13
34 42 38
34 48 50
35 4 20
35 5 3
35 12 1
35 14 4
35 31 16
35 32 5
35 34 35
35 43 15
35 46 12
36 7 22
36 14 23
36 15 6
36 17 45
36 18 32
36 23 36
36 34 7
36 37 3
36 39 2
36 46 39
37 3 8
37 6 23
37 8 25
37 11 3
37 24 37
37 33 41
37 36 3
37 38 2
37 43 25
37 48 50
38 1 13
38 9 44
38 32 16
38 37 2
38 44 41
39 18 23
39 23 41
39 28 8
39 31 33
39 34 13
39 36 2
39 43 21
39 47 45
39 48 32
40 2 14
40 3 30
40 7 10
40 8 21
40 9 29
40 10 39
40 20 39
40 23 25
40 25 9
40 27 16
40 47 44
41 7 48
41 9 30
41 15 14
41 19 40
41 22 18
41 30 15
41 31 50
42 2 27
42 4 46
42 7 9
42 9 17
42 13 44
42 21 25
42 24 13
42 28 50
42 29 4
42 34 38
43 4 7
43 10 15
43 15 32
43 22 16
43 23 41
43 24 2
43 31 17
43 35 15
43 37 25
43 39 21
44 4 33
44 10 15
44 11 44
44 13 6
44 14 7
44 15 12
44 23 10
44 24 21
44 38 41
44 47 9
45 1 14
45 4 40
45 11 40
45 15 11
45 30 11
45 46 49
45 47 36
45 48 23
46 8 32
46 9 5
46 13 31
46 20 28
46 35 12
46 36 39
46 45 49
47 1 42
47 10 2
47 12 12
47 14 18
47 18 24
47 19 27
47 20 14
47 21 13
47 26 8
47 28 40
47 39 45
47 40 44
47 44 9
47 45 36
48 1 21
48 7 33
48 10 8
48 11 13
48 18 17
48 30 18
48 34 50
48 37 50
48 39 32
48 45 23
13 t 31
14 t 3
19 t 10
