s 2 42
s 3 43
s 6 40
s 11 43
s 26 39
s 39 29
s 43 2
s 46 31
s 47 4
1 5 17
1 8 23
1 13 44
1 15 40
1 20 11
1 21 9
1 26 16
1 29 10
1 34 6
1 39 21
1 40 47
1 49 1
2 5 5
2 10 29
2 13 9
2 15 13
2 16 10
2 17 13
2 26 27
2 30 32
2 31 34
2 34 31
2 35 47
2 36 38
2 39 42
2 46 24
2 47 27
2 48 25
3 5 33
3 7 36
3 12 41
3 13 24
3 14 33
3 15 17
3 19 34
3 21 32
3 25 37
3 26 18
3 31 3
3 32 31
3 33 47
3 37 16
3 40 10
3 45 20
3 49 38
4 5 39
4 6 26
4 10 36
4 11 49
4 14 26
4 18 48
4 31 40
4 33 37
4 35 44
4 36 41
4 45 24
5 1 17
5 2 5
5 3 33
5 4 39
5 6 31
5 8 48
5 10 21
5 11 41
5 13 10
5 17 48
5 18 49
5 19 19
5 20 36
5 21 15
5 23 42
5 24 10
5 25 29
5 28 26
5 36 40
5 37 24
5 39 10
5 42 28
5 43 18
5 49 42
6 4 26
6 5 31
6 9 47
6 10 29
6 17 20
6 18 28
6 19 42
6 25 48
6 29 44
6 31 17
6 34 31
6 35 46
6 40 9
6 41 46
6 42 19
6 43 29
6 47 30
7 3 36
7 8 40
7 10 37
7 13 3
7 17 22
7 19 37
7 20 44
7 24 34
7 31 27
7 32 45
7 33 20
7 36 4
7 37 18
7 38 41
7 39 7
7 43 20
7 47 15
8 1 23
8 5 48
8 7 40
8 9 47
8 10 16
8 12 30
8 13 17
8 16 12
8 17 7
8 18 32
8 23 15
8 24 32
8 25 30
8 27 16
8 30 42
8 32 48
8 34 43
8 36 49
8 37 30
8 39 20
8 40 14
8 42 43
8 43 35
8 45 32
8 48 17
9 6 47
9 8 47
9 10 4
9 12 21
9 13 8
9 15 45
9 18 10
9 20 39
9 22 39
9 23 26
9 26 24
9 27 47
9 29 9
9 30 24
9 31 36
9 32 34
9 33 10
9 35 9
9 36 41
9 37 12
9 39 7
9 41 25
9 43 25
9 44 19
10 2 29
10 4 36
10 5 21
10 6 29
10 7 37
10 8 16
10 9 4
10 11 28
10 13 28
10 15 20
10 16 8
10 19 46
10 22 29
10 28 5
10 31 47
10 32 46
10 35 6
10 38 49
10 44 12
10 46 20
10 47 39
10 48 31
10 49 17
11 4 49
11 5 41
11 10 28
11 13 28
11 15 24
11 16 26
11 18 48
11 21 28
11 22 33
11 25 32
11 27 17
11 37 37
11 38 1
11 44 26
11 48 20
12 3 41
12 8 30
12 9 21
12 18 19
12 19 36
12 20 2
12 21 7
12 25 30
12 28 17
12 30 50
12 31 21
12 36 30
12 40 29
12 44 35
12 45 25
12 46 9
13 1 44
13 2 9
13 3 24
13 5 10
13 7 3
13 8 17
13 9 8
13 10 28
13 11 28
13 14 24
13 15 36
13 18 35
13 21 36
13 23 12
13 25 1
13 28 31
13 30 18
13 31 21
13 33 21
13 34 1
13 37 48
13 38 16
13 39 44
13 41 4
13 42 2
13 43 5
13 49 1
14 3 33
14 4 26
14 13 24
14 15 23
14 25 39
14 28 50
14 29 5
14 33 7
14 34 42
14 36 23
14 37 50
14 38 6
14 40 22
14 43 8
14 45 39
14 48 27
14 49 45
15 1 40
15 2 13
15 3 17
15 9 45
15 10 20
15 11 24
15 13 36
15 14 23
15 16 16
15 17 22
15 21 23
15 22 1
15 26 13
15 30 14
15 31 33
15 32 11
15 34 39
15 39 47
15 41 11
15 44 36
15 49 27
16 2 10
16 8 12
16 10 8
16 11 26
16 15 16
16 18 48
16 19 5
16 21 1
16 25 36
16 27 11
16 38 16
16 41 40
16 42 15
16 43 5
17 2 13
17 5 48
17 6 20
17 7 22
17 8 7
17 15 22
17 20 8
17 21 20
17 24 5
17 29 2
17 33 9
17 35 7
17 36 3
17 39 33
17 41 44
17 45 11
17 47 1
17 48 22
17 49 33
18 4 48
18 5 49
18 6 28
18 8 32
18 9 10
18 11 48
18 12 19
18 13 35
18 16 48
18 20 32
18 24 24
18 33 37
18 36 45
18 38 1
18 42 17
19 3 34
19 5 19
19 6 42
19 7 37
19 10 46
19 12 36
19 16 5
19 22 29
19 23 35
19 27 8
19 28 37
19 30 9
19 35 44
19 36 28
19 38 30
19 44 22
19 45 29
19 47 45
19 48 33
20 1 11
20 5 36
20 7 44
20 9 39
20 12 2
20 17 8
20 18 32
20 25 21
20 28 34
20 33 40
20 40 46
20 43 42
20 45 17
20 47 26
20 49 42
21 1 9
21 3 32
21 5 15
21 11 28
21 12 7
21 13 36
21 15 23
21 16 1
21 17 20
21 27 8
21 28 21
21 29 20
21 30 7
21 32 18
21 37 25
21 39 15
21 45 5
21 46 19
21 48 31
21 49 12
22 9 39
22 10 29
22 11 33
22 15 1
22 19 29
22 25 47
22 28 26
22 36 33
22 42 34
22 43 20
22 44 15
22 47 2
23 5 42
23 8 15
23 9 26
23 13 12
23 19 35
23 25 24
23 26 14
23 30 15
23 31 50
23 32 13
23 34 9
23 35 28
23 37 29
23 38 38
23 41 3
23 49 15
24 5 10
24 7 34
24 8 32
24 17 5
24 18 24
24 27 1
24 35 23
24 39 25
24 40 47
24 41 41
24 45 38
24 47 1
24 48 5
25 3 37
25 5 29
25 6 48
25 8 30
25 11 32
25 12 30
25 13 1
25 14 39
25 16 36
25 20 21
25 22 47
25 23 24
25 31 30
25 32 24
25 36 19
25 44 17
25 46 4
25 47 32
25 48 22
25 49 40
26 1 16
26 2 27
26 3 18
26 9 24
26 15 13
26 23 14
26 27 24
26 28 10
26 30 18
26 32 29
26 33 24
26 34 6
26 38 29
26 39 12
26 41 48
26 43 13
26 47 42
27 8 16
27 9 47
27 11 17
27 16 11
27 19 8
27 21 8
27 24 1
27 26 24
27 29 20
27 36 16
27 43 40
27 45 19
27 46 14
27 47 39
27 49 5
28 5 26
28 10 5
28 12 17
28 13 31
28 14 50
28 19 37
28 20 34
28 21 21
28 22 26
28 26 10
28 31 19
28 34 9
28 35 11
28 38 46
28 39 6
28 40 50
28 41 19
28 43 5
28 44 50
28 47 32
28 48 3
29 1 10
29 6 44
29 9 9
29 14 5
29 17 2
29 21 20
29 27 20
29 43 24
29 45 25
29 46 45
29 47 21
29 48 41
30 2 32
30 8 42
30 9 24
30 12 50
30 13 18
30 15 14
30 19 9
30 21 7
30 23 15
30 26 18
30 32 45
30 33 40
30 36 50
30 39 13
30 40 23
30 42 3
30 45 16
30 46 24
31 2 34
31 3 3
31 4 40
31 6 17
31 7 27
31 9 36
31 10 47
31 12 21
31 13 21
31 15 33
31 23 50
31 25 30
31 28 19
31 36 17
31 38 6
31 39 40
31 42 14
31 43 37
32 3 31
32 7 45
32 8 48
32 9 34
32 10 46
32 15 11
32 21 18
32 23 13
32 25 24
32 26 29
32 30 45
32 33 35
32 34 30
32 39 38
32 42 19
32 45 39
33 3 47
33 4 37
33 7 20
33 9 10
33 13 21
33 14 7
33 17 9
33 18 37
33 20 40
33 26 24
33 30 40
33 32 35
33 34 48
33 37 41
33 39 8
33 45 49
33 49 28
34 1 6
34 2 31
34 6 31
34 8 43
34 13 1
34 14 42
34 15 39
34 23 9
34 26 6
34 28 9
34 32 30
34 33 48
34 35 48
34 38 32
34 40 13
34 46 14
34 47 16
34 48 7
34 49 34
35 2 47
35 4 44
35 6 46
35 9 9
35 10 6
35 17 7
35 19 44
35 23 28
35 24 23
35 28 11
35 34 48
35 36 48
35 44 22
35 47 28
35 49 42
36 2 38
36 4 41
36 5 40
36 7 4
36 8 49
36 9 41
36 12 30
36 14 23
36 17 3
36 18 45
36 19 28
36 22 33
36 25 19
36 27 16
36 30 50
36 31 17
36 35 48
36 37 45
36 41 6
36 45 35
36 46 37
36 49 31
37 3 16
37 5 24
37 7 18
37 8 30
37 9 12
37 11 37
37 13 48
37 14 50
37 21 25
37 23 29
37 33 41
37 36 45
37 40 32
37 44 35
37 47 44
38 7 41
38 10 49
38 11 1
38 13 16
38 14 6
38 16 16
38 18 1
38 19 30
38 23 38
38 26 29
38 28 46
38 31 6
38 34 32
38 46 29
39 1 21
39 2 42
39 5 10
39 7 7
39 8 20
39 9 7
39 13 44
39 15 47
39 17 33
39 21 15
39 24 25
39 26 12
39 28 6
39 30 13
39 31 40
39 32 38
39 33 8
39 42 49
39 45 46
39 47 31
39 49 36
40 1 47
40 3 10
40 6 9
40 8 14
40 12 29
40 14 22
40 20 46
40 24 47
40 28 50
40 30 23
40 34 13
40 37 32
40 41 1
40 45 31
40 46 11
41 6 46
41 9 25
41 13 4
41 15 11
41 16 40
41 17 44
41 23 3
41 24 41
41 26 48
41 28 19
41 36 6
41 40 1
41 43 28
41 44 48
41 46 10
41 49 37
42 5 28
42 6 19
42 8 43
42 13 2
42 16 15
42 18 17
42 22 34
42 30 3
42 31 14
42 32 19
42 39 49
42 44 6
42 45 9
43 5 18
43 6 29
43 7 20
43 8 35
43 9 25
43 13 5
43 14 8
43 16 5
43 20 42
43 22 20
43 26 13
43 27 40
43 28 5
43 29 24
43 31 37
43 41 28
43 46 22
44 9 19
44 10 12
44 11 26
44 12 35
44 15 36
44 19 22
44 22 15
44 25 17
44 28 50
44 35 22
44 37 35
44 41 48
44 42 6
44 48 8
44 49 4
45 3 20
45 4 24
45 8 32
45 12 25
45 14 39
45 17 11
45 19 29
45 20 17
45 21 5
45 24 38
45 27 19
45 29 25
45 30 16
45 32 39
45 33 49
45 36 35
45 39 46
45 40 31
45 42 9
45 48 46
46 2 24
46 10 20
46 12 9
46 21 19
46 25 4
46 27 14
46 29 45
46 30 24
46 34 14
46 36 37
46 38 29
46 40 11
46 41 10
46 43 22
46 48 39
46 49 39
47 2 27
47 6 30
47 7 15
47 10 39
47 17 1
47 19 45
47 20 26
47 22 2
47 24 1
47 25 32
47 26 42
47 27 39
47 28 32
47 29 21
47 34 16
47 35 28
47 37 44
47 39 31
47 49 4
48 2 25
48 8 17
48 10 31
48 11 20
48 14 27
48 17 22
48 19 33
48 21 31
48 24 5
48 25 22
48 28 3
48 29 41
48 34 7
48 44 8
48 45 46
48 46 39
1 t 1
3 t 38
5 t 42
10 t 17
13 t 1
14 t 45
15 t 27
17 t 33
20 t 42
21 t 12
23 t 15
25 t 40
27 t 5
33 t 28
34 t 34
35 t 42
36 t 31
39 t 36
41 t 37
44 t 4
46 t 39
47 t 4
