s 2 1
s 3 39
s 4 23
s 5 49
s 6 30
s 7 44
s 11 23
s 13 7
s 14 43
s 15 16
s 16 7
s 17 47
s 18 8
s 20 21
s 24 17
s 25 34
s 27 41
s 28 39
s 29 25
s 30 6
s 31 11
s 32 42
s 34 33
s 35 43
s 36 35
s 37 7
s 38 15
s 40 28
s 41 21
s 42 19
s 43 43
s 44 30
s 45 46
s 46 23
s 47 34
s 48 21
s 49 26
1 2 41
1 4 3
1 6 42
1 8 14
1 10 45
1 11 48
1 12 12
1 13 31
1 16 43
1 17 40
1 18 18
1 19 45
1 20 4
1 21 25
1 22 33
1 23 43
1 24 50
1 25 39
1 26 21
1 28 13
1 29 29
1 31 19
1 32 8
1 33 32
1 35 4
1 36 4
1 37 31
1 38 6
1 39 7
1 40 45
1 41 27
1 42 50
1 43 1
1 45 26
1 46 9
2 1 41
2 4 18
2 6 14
2 10 9
2 11 17
2 12 29
2 13 22
2 14 20
2 15 36
2 16 49
2 17 14
2 18 4
2 19 50
2 20 23
2 21 21
2 22 15
2 23 39
2 24 46
2 25 41
2 26 48
2 28 49
2 29 43
2 30 15
2 31 50
2 32 10
2 33 31
2 34 12
2 35 22
2 36 11
2 37 21
2 38 15
2 39 37
2 41 28
2 42 19
2 46 27
2 47 18
2 48 48
2 49 1
3 4 12
3 5 33
3 6 40
3 7 5
3 8 5
3 9 42
3 10 23
3 11 8
3 12 40
3 13 21
3 14 30
3 15 17
3 16 35
3 17 1
3 18 29
3 19 20
3 20 32
3 21 44
3 22 44
3 25 18
3 26 47
3 27 9
3 28 22
3 29 7
3 32 15
3 35 6
3 36 29
3 37 7
3 38 48
3 39 15
3 41 47
3 42 4
3 43 16
3 45 2
3 46 46
3 47 36
3 48 23
3 49 35
4 1 3
4 2 18
4 3 12
4 5 34
4 8 15
4 9 33
4 10 17
4 11 19
4 14 39
4 15 38
4 16 10
4 17 33
4 19 18
4 20 6
4 22 39
4 23 37
4 24 48
4 25 22
4 26 33
4 27 41
4 29 50
4 30 35
4 31 3
4 32 47
4 33 48
4 34 30
4 35 16
4 36 49
4 37 5
4 38 15
4 39 2
4 40 7
4 41 47
4 43 26
4 44 10
4 45 32
4 46 44
4 47 26
4 48 17
4 49 3
5 3 33
5 4 34
5 7 16
5 8 29
5 9 2
5 10 26
5 12 10
5 13 7
5 14 24
5 15 4
5 17 29
5 19 21
5 21 5
5 22 9
5 24 42
5 26 5
5 27 47
5 28 14
5 29 41
5 30 2
5 31 7
5 32 39
5 33 13
5 35 40
5 36 41
5 37 3
5 38 48
5 39 42
5 41 47
5 42 21
5 43 11
5 44 2
5 45 17
5 46 47
5 47 50
5 48 32
5 49 6
6 1 42
6 2 14
6 3 40
6 7 19
6 8 45
6 10 34
6 12 40
6 14 4
6 15 30
6 16 15
6 17 22
6 18 10
6 19 3
6 20 19
6 21 6
6 22 16
6 24 44
6 25 34
6 26 35
6 27 20
6 29 15
6 30 8
6 31 7
6 33 4
6 34 8
6 35 14
6 36 24
6 37 18
6 38 6
6 39 39
6 40 32
6 41 14
6 42 15
6 43 49
6 44 25
6 46 46
6 47 39
6 48 44
6 49 18
7 3 5
7 5 16
7 6 19
7 8 34
7 9 35
7 11 3
7 12 26
7 13 35
7 14 37
7 15 45
7 16 29
7 17 17
7 18 28
7 20 31
7 21 30
7 22 46
7 23 41
7 25 48
7 26 13
7 30 30
7 31 12
7 32 14
7 33 44
7 34 34
7 36 46
7 38 18
7 39 38
7 41 18
7 42 44
7 43 33
7 45 1
7 46 13
7 49 44
8 1 14
8 3 5
8 4 15
8 5 29
8 6 45
8 7 34
8 9 8
8 11 23
8 12 26
8 14 32
8 15 15
8 16 46
8 17 23
8 20 18
8 22 17
8 23 45
8 24 8
8 25 23
8 27 6
8 28 44
8 30 47
8 31 22
8 32 5
8 33 1
8 34 2
8 35 27
8 36 14
8 37 39
8 38 4
8 39 30
8 40 10
8 43 29
8 44 12
8 45 27
8 46 19
8 49 31
9 3 42
9 4 33
9 5 2
9 7 35
9 8 8
9 10 16
9 12 42
9 13 34
9 14 36
9 15 24
9 17 21
9 18 36
9 19 13
9 23 14
9 24 45
9 26 8
9 27 18
9 28 48
9 30 21
9 31 38
9 32 33
9 34 14
9 36 32
9 37 18
9 38 21
9 39 33
9 40 11
9 43 1
9 44 17
9 46 48
9 47 41
9 48 4
9 49 4
10 1 45
10 2 9
10 3 23
10 4 17
10 5 26
10 6 34
10 9 16
10 11 45
10 12 30
10 13 41
10 15 30
10 16 43
10 17 46
10 18 27
10 20 47
10 21 4
10 23 12
10 25 26
10 26 45
10 28 10
10 29 22
10 30 2
10 31 41
10 32 13
10 33 46
10 34 4
10 36 31
10 37 38
10 39 1
10 41 5
10 42 33
10 43 3
10 44 1
10 46 2
10 47 18
10 48 31
10 49 19
11 1 48
11 2 17
11 3 8
11 4 19
11 7 3
11 8 23
11 10 45
11 12 27
11 13 8
11 14 3
11 16 41
11 17 11
11 18 1
11 19 39
11 20 3
11 21 50
11 22 14
11 23 19
11 24 29
11 25 22
11 26 40
11 27 31
11 28 9
11 29 3
11 30 6
11 31 41
11 32 44
11 33 36
11 34 2
11 35 34
11 38 10
11 39 45
11 40 39
11 42 22
11 43 21
11 44 20
11 45 23
11 46 18
11 47 16
11 48 33
11 49 13
12 1 12
12 2 29
12 3 40
12 5 10
12 6 40
12 7 26
12 8 26
12 9 42
12 10 30
12 11 27
12 13 17
12 15 12
12 16 13
12 17 39
12 19 21
12 20 5
12 21 23
12 22 32
12 23 5
12 24 3
12 26 50
12 27 48
12 28 27
12 29 43
12 31 23
12 32 40
12 34 37
12 35 49
12 36 19
12 37 46
12 39 46
12 40 10
12 41 6
12 42 44
12 44 33
12 45 23
12 46 39
12 47 49
12 48 48
13 1 31
13 2 22
13 3 21
13 5 7
13 7 35
13 9 34
13 10 41
13 11 8
13 12 17
13 15 5
13 18 11
13 21 31
13 22 32
13 23 8
13 25 11
13 26 17
13 29 39
13 30 43
13 31 16
13 33 9
13 34 27
13 35 18
13 37 22
13 38 14
13 39 38
13 40 3
13 41 35
13 42 6
13 43 4
13 44 31
13 45 17
13 47 43
13 48 21
13 49 20
14 2 20
14 3 30
14 4 39
14 5 24
14 6 4
14 7 37
14 8 32
14 9 36
14 11 3
14 15 6
14 16 30
14 18 28
14 19 39
14 20 44
14 21 44
14 22 2
14 24 15
14 25 46
14 27 26
14 29 4
14 30 24
14 31 13
14 32 2
14 33 46
14 34 11
14 35 22
14 37 16
14 38 23
14 39 25
14 40 24
14 41 42
14 42 49
14 43 20
14 44 42
14 45 11
14 46 1
14 47 16
14 49 34
15 2 36
15 3 17
15 4 38
15 5 4
15 6 30
15 7 45
15 8 15
15 9 24
15 10 30
15 12 12
15 13 5
15 14 6
15 17 5
15 18 36
15 19 42
15 20 22
15 21 16
15 23 2
15 24 45
15 25 50
15 26 24
15 28 34
15 29 9
15 30 11
15 31 28
15 32 21
15 33 10
15 36 33
15 37 2
15 38 25
15 39 8
15 40 13
15 42 50
15 43 22
15 44 39
15 45 12
15 46 50
15 47 9
15 48 17
15 49 40
16 1 43
16 2 49
16 3 35
16 4 10
16 6 15
16 7 29
16 8 46
16 10 43
16 11 41
16 12 13
16 14 30
16 17 24
16 18 42
16 19 22
16 20 3
16 21 30
16 23 9
16 24 7
16 25 4
16 26 32
16 27 11
16 28 22
16 29 16
16 30 4
16 31 16
16 32 39
16 34 1
16 35 21
16 36 35
16 39 47
16 40 9
16 41 19
16 42 49
16 43 30
16 44 45
16 45 10
16 46 12
16 47 43
16 48 27
16 49 28
17 1 40
17 2 14
17 3 1
17 4 33
17 5 29
17 6 22
17 7 17
17 8 23
17 9 21
17 10 46
17 11 11
17 12 39
17 15 5
17 16 24
17 18 7
17 19 27
17 20 12
17 21 1
17 22 36
17 23 42
17 24 4
17 25 3
17 26 35
17 28 26
17 29 46
17 30 34
17 32 8
17 35 24
17 36 17
17 37 12
17 38 43
17 40 6
17 41 36
17 42 20
17 43 44
17 44 41
17 45 37
17 46 8
17 47 31
17 48 45
17 49 16
18 1 18
18 2 4
18 3 29
18 6 10
18 7 28
18 9 36
18 10 27
18 11 1
18 13 11
18 14 28
18 15 36
18 16 42
18 17 7
18 20 33
18 22 10
18 23 32
18 25 21
18 26 34
18 27 41
18 28 42
18 29 9
18 31 13
18 32 8
18 34 19
18 37 9
18 38 38
18 39 50
18 40 11
18 41 22
18 43 18
18 44 17
18 45 47
18 46 48
18 47 1
18 48 16
18 49 33
19 1 45
19 2 50
19 3 20
19 4 18
19 5 21
19 6 3
19 9 13
19 11 39
19 12 21
19 14 39
19 15 42
19 16 22
19 17 27
19 20 14
19 21 22
19 22 19
19 23 2
19 24 12
19 25 47
19 26 50
19 27 46
19 28 21
19 29 24
19 30 6
19 31 46
19 32 21
19 34 1
19 35 34
19 36 6
19 37 38
19 38 35
19 39 12
19 40 15
19 41 14
19 42 2
19 43 36
19 44 47
19 45 39
19 46 1
19 47 48
19 48 41
20 1 4
20 2 23
20 3 32
20 4 6
20 6 19
20 7 31
20 8 18
20 10 47
20 11 3
20 12 5
20 14 44
20 15 22
20 16 3
20 17 12
20 18 33
20 19 14
20 22 11
20 24 28
20 28 20
20 29 7
20 31 11
20 33 13
20 34 26
20 35 46
20 40 44
20 41 38
20 42 43
20 43 14
20 47 45
20 48 43
21 1 25
21 2 21
21 3 44
21 5 5
21 6 6
21 7 30
21 10 4
21 11 50
21 12 23
21 13 31
21 14 44
21 15 16
21 16 30
21 17 1
21 19 22
21 23 25
21 24 23
21 25 21
21 26 14
21 28 17
21 29 20
21 30 46
21 31 40
21 32 6
21 33 14
21 34 3
21 35 41
21 36 35
21 37 48
21 38 42
21 40 47
21 41 9
21 42 2
21 43 18
21 44 39
21 46 30
21 47 22
21 48 40
21 49 3
22 1 33
22 2 15
22 3 44
22 4 39
22 5 9
22 6 16
22 7 46
22 8 17
22 11 14
22 12 32
22 13 32
22 14 2
22 17 36
22 18 10
22 19 19
22 20 11
22 23 50
22 24 39
22 25 31
22 26 10
22 28 34
22 29 47
22 30 45
22 31 43
22 32 23
22 34 28
22 35 9
22 37 11
22 38 36
22 39 33
22 40 43
22 41 12
22 43 41
22 44 46
22 45 13
22 46 43
22 47 14
22 48 12
22 49 40
23 1 43
23 2 39
23 4 37
23 7 41
23 8 45
23 9 14
23 10 12
23 11 19
23 12 5
23 13 8
23 15 2
23 16 9
23 17 42
23 18 32
23 19 2
23 21 25
23 22 50
23 24 22
23 25 34
23 27 26
23 29 38
23 30 43
23 31 28
23 32 18
23 33 31
23 34 29
23 35 19
23 37 24
23 38 40
23 39 9
23 40 34
23 41 46
23 42 11
23 43 41
23 44 40
23 45 29
23 47 29
23 48 43
23 49 1
24 1 50
24 2 46
24 4 48
24 5 42
24 6 44
24 8 8
24 9 45
24 11 29
24 12 3
24 14 15
24 15 45
24 16 7
24 17 4
24 19 12
24 20 28
24 21 23
24 22 39
24 23 22
24 25 21
24 26 11
24 28 8
24 29 23
24 30 42
24 31 16
24 32 26
24 33 3
24 34 48
24 35 14
24 36 4
24 37 45
24 38 2
24 39 12
24 40 12
24 42 7
24 43 20
24 44 5
24 45 30
24 46 10
24 47 18
24 48 10
24 49 16
25 1 39
25 2 41
25 3 18
25 4 22
25 6 34
25 7 48
25 8 23
25 10 26
25 11 22
25 13 11
25 14 46
25 15 50
25 16 4
25 17 3
25 18 21
25 19 47
25 21 21
25 22 31
25 23 34
25 24 21
25 26 30
25 30 29
25 31 47
25 32 36
25 33 34
25 34 47
25 35 2
25 36 42
25 37 24
25 38 37
25 39 29
25 40 42
25 42 13
25 43 28
25 44 19
25 46 13
25 47 23
25 48 29
25 49 26
26 1 21
26 2 48
26 3 47
26 4 33
26 5 5
26 6 35
26 7 13
26 9 8
26 10 45
26 11 40
26 12 50
26 13 17
26 15 24
26 16 32
26 17 35
26 18 34
26 19 50
26 21 14
26 22 10
26 24 11
26 25 30
26 27 37
26 29 35
26 30 46
26 31 11
26 33 50
26 34 13
26 36 12
26 37 11
26 39 47
26 40 49
26 41 7
26 42 30
26 43 15
26 44 48
26 45 42
26 46 37
26 47 50
26 48 40
26 49 10
27 3 9
27 4 41
27 5 47
27 6 20
27 8 6
27 9 18
27 11 31
27 12 48
27 14 26
27 16 11
27 18 41
27 19 46
27 23 26
27 26 37
27 28 14
27 29 37
27 31 12
27 32 3
27 35 22
27 36 20
27 37 46
27 38 25
27 40 5
27 41 9
27 42 32
27 43 40
27 44 35
27 45 18
27 46 30
27 47 13
27 48 49
27 49 21
28 1 13
28 2 49
28 3 22
28 5 14
28 8 44
28 9 48
28 10 10
28 11 9
28 12 27
28 15 34
28 16 22
28 17 26
28 18 42
28 19 21
28 20 20
28 21 17
28 22 34
28 24 8
28 27 14
28 29 4
28 31 46
28 32 49
28 34 3
28 36 36
28 37 35
28 38 23
28 39 3
28 40 39
28 43 23
28 44 1
28 45 49
28 47 33
28 48 5
29 1 29
29 2 43
29 3 7
29 4 50
29 5 41
29 6 15
29 10 22
29 11 3
29 12 43
29 13 39
29 14 4
29 15 9
29 16 16
29 17 46
29 18 9
29 19 24
29 20 7
29 21 20
29 22 47
29 23 38
29 24 23
29 26 35
29 27 37
29 28 4
29 31 31
29 32 2
29 33 16
29 34 31
29 35 25
29 36 38
29 38 50
29 39 9
29 40 24
29 41 29
29 42 19
29 43 42
29 44 40
29 46 37
29 47 7
29 48 50
30 2 15
30 4 35
30 5 2
30 6 8
30 7 30
30 8 47
30 9 21
30 10 2
30 11 6
30 13 43
30 14 24
30 15 11
30 16 4
30 17 34
30 19 6
30 21 46
30 22 45
30 23 43
30 24 42
30 25 29
30 26 46
30 32 20
30 33 28
30 34 4
30 35 42
30 38 16
30 39 10
30 40 8
30 41 34
30 43 21
30 44 50
30 45 49
30 46 37
30 47 22
30 48 32
30 49 44
31 1 19
31 2 50
31 4 3
31 5 7
31 6 7
31 7 12
31 8 22
31 9 38
31 10 41
31 11 41
31 12 23
31 13 16
31 14 13
31 15 28
31 16 16
31 18 13
31 19 46
31 20 11
31 21 40
31 22 43
31 23 28
31 24 16
31 25 47
31 26 11
31 27 12
31 28 46
31 29 31
31 32 18
31 33 23
31 34 33
31 35 35
31 37 16
31 38 41
31 39 44
31 41 27
31 42 46
31 43 33
31 44 6
31 45 4
31 47 27
31 49 43
32 1 8
32 2 10
32 3 15
32 4 47
32 5 39
32 7 14
32 8 5
32 9 33
32 10 13
32 11 44
32 12 40
32 14 2
32 15 21
32 16 39
32 17 8
32 18 8
32 19 21
32 21 6
32 22 23
32 23 18
32 24 26
32 25 36
32 27 3
32 28 49
32 29 2
32 30 20
32 31 18
32 33 19
32 34 28
32 36 24
32 37 12
32 38 2
32 39 47
32 40 5
32 42 26
32 43 1
32 44 3
32 45 29
32 46 42
32 47 35
32 48 35
32 49 13
33 1 32
33 2 31
33 4 48
33 5 13
33 6 4
33 7 44
33 8 1
33 10 46
33 11 36
33 13 9
33 14 46
33 15 10
33 20 13
33 21 14
33 23 31
33 24 3
33 25 34
33 26 50
33 29 16
33 30 28
33 31 23
33 32 19
33 34 47
33 35 41
33 36 24
33 37 24
33 38 1
33 40 19
33 41 31
33 43 44
33 46 15
33 47 27
33 48 4
33 49 18
34 2 12
34 4 30
34 6 8
34 7 34
34 8 2
34 9 14
34 10 4
34 11 2
34 12 37
34 13 27
34 14 11
34 16 1
34 18 19
34 19 1
34 20 26
34 21 3
34 22 28
34 23 29
34 24 48
34 25 47
34 26 13
34 28 3
34 29 31
34 30 4
34 31 33
34 32 28
34 33 47
34 35 27
34 36 48
34 37 48
34 38 4
34 39 28
34 40 17
34 41 15
34 42 29
34 44 33
34 45 33
34 46 33
34 47 21
34 49 50
35 1 4
35 2 22
35 3 6
35 4 16
35 5 40
35 6 14
35 8 27
35 11 34
35 12 49
35 13 18
35 14 22
35 16 21
35 17 24
35 19 34
35 20 46
35 21 41
35 22 9
35 23 19
35 24 14
35 25 2
35 27 22
35 29 25
35 30 42
35 31 35
35 33 41
35 34 27
35 36 50
35 37 11
35 38 47
35 39 16
35 40 10
35 41 3
35 42 9
35 45 11
35 46 48
35 47 3
35 48 28
35 49 4
36 1 4
36 2 11
36 3 29
36 4 49
36 5 41
36 6 24
36 7 46
36 8 14
36 9 32
36 10 31
36 12 19
36 15 33
36 16 35
36 17 17
36 19 6
36 21 35
36 24 4
36 25 42
36 26 12
36 27 20
36 28 36
36 29 38
36 32 24
36 33 24
36 34 48
36 35 50
36 37 4
36 39 43
36 40 8
36 41 50
36 42 26
36 43 11
36 44 10
36 46 3
36 47 35
36 48 28
36 49 18
37 1 31
37 2 21
37 3 7
37 4 5
37 5 3
37 6 18
37 8 39
37 9 18
37 10 38
37 12 46
37 13 22
37 14 16
37 15 2
37 17 12
37 18 9
37 19 38
37 21 48
37 22 11
37 23 24
37 24 45
37 25 24
37 26 11
37 27 46
37 28 35
37 31 16
37 32 12
37 33 24
37 34 48
37 35 11
37 36 4
37 38 17
37 39 21
37 40 37
37 41 16
37 42 39
37 44 8
37 45 31
37 46 49
37 47 39
37 48 46
37 49 17
38 1 6
38 2 15
38 3 48
38 4 15
38 5 48
38 6 6
38 7 18
38 8 4
38 9 21
38 11 10
38 13 14
38 14 23
38 15 25
38 17 43
38 18 38
38 19 35
38 21 42
38 22 36
38 23 40
38 24 2
38 25 37
38 27 25
38 28 23
38 29 50
38 30 16
38 31 41
38 32 2
38 33 1
38 34 4
38 35 47
38 37 17
38 39 23
38 40 39
38 41 49
38 42 33
38 43 27
38 44 37
38 45 17
38 46 14
38 47 31
38 48 6
39 1 7
39 2 37
39 3 15
39 4 2
39 5 42
39 6 39
39 7 38
39 8 30
39 9 33
39 10 1
39 11 45
39 12 46
39 13 38
39 14 25
39 15 8
39 16 47
39 18 50
39 19 12
39 22 33
39 23 9
39 24 12
39 25 29
39 26 47
39 28 3
39 29 9
39 30 10
39 31 44
39 32 47
39 34 28
39 35 16
39 36 43
39 37 21
39 38 23
39 40 13
39 41 5
39 42 12
39 44 49
39 45 23
39 46 20
39 48 48
39 49 19
40 1 45
40 4 7
40 6 32
40 8 10
40 9 11
40 11 39
40 12 10
40 13 3
40 14 24
40 15 13
40 16 9
40 17 6
40 18 11
40 19 15
40 20 44
40 21 47
40 22 43
40 23 34
40 24 12
40 25 42
40 26 49
40 27 5
40 28 39
40 29 24
40 30 8
40 32 5
40 33 19
40 34 17
40 35 10
40 36 8
40 37 37
40 38 39
40 39 13
40 41 24
40 42 29
40 43 4
40 44 29
40 45 22
40 46 23
41 1 27
41 2 28
41 3 47
41 4 47
41 5 47
41 6 14
41 7 18
41 10 5
41 12 6
41 13 35
41 14 42
41 16 19
41 17 36
41 18 22
41 19 14
41 20 38
41 21 9
41 22 12
41 23 46
41 26 7
41 27 9
41 29 29
41 30 34
41 31 27
41 33 31
41 34 15
41 35 3
41 36 50
41 37 16
41 38 49
41 39 5
41 40 24
41 42 11
41 43 50
41 45 4
41 46 31
41 47 6
41 48 24
41 49 21
42 1 50
42 2 19
42 3 4
42 5 21
42 6 15
42 7 44
42 10 33
42 11 22
42 12 44
42 13 6
42 14 49
42 15 50
42 16 49
42 17 20
42 19 2
42 20 43
42 21 2
42 23 11
42 24 7
42 25 13
42 26 30
42 27 32
42 29 19
42 31 46
42 32 26
42 34 29
42 35 9
42 36 26
42 37 39
42 38 33
42 39 12
42 40 29
42 41 11
42 43 24
42 44 35
42 45 27
42 46 8
42 47 42
42 48 5
43 1 1
43 3 16
43 4 26
43 5 11
43 6 49
43 7 33
43 8 29
43 9 1
43 10 3
43 11 21
43 13 4
43 14 20
43 15 22
43 16 30
43 17 44
43 18 18
43 19 36
43 20 14
43 21 18
43 22 41
43 23 41
43 24 20
43 25 28
43 26 15
43 27 40
43 28 23
43 29 42
43 30 21
43 31 33
43 32 1
43 33 44
43 36 11
43 38 27
43 40 4
43 41 50
43 42 24
43 44 39
43 45 3
43 46 11
43 47 40
43 48 47
43 49 39
44 4 10
44 5 2
44 6 25
44 8 12
44 9 17
44 10 1
44 11 20
44 12 33
44 13 31
44 14 42
44 15 39
44 16 45
44 17 41
44 18 17
44 19 47
44 21 39
44 22 46
44 23 40
44 24 5
44 25 19
44 26 48
44 27 35
44 28 1
44 29 40
44 30 50
44 31 6
44 32 3
44 34 33
44 36 10
44 37 8
44 38 37
44 39 49
44 40 29
44 42 35
44 43 39
44 46 16
44 47 36
44 48 38
44 49 44
45 1 26
45 3 2
45 4 32
45 5 17
45 7 1
45 8 27
45 11 23
45 12 23
45 13 17
45 14 11
45 15 12
45 16 10
45 17 37
45 18 47
45 19 39
45 22 13
45 23 29
45 24 30
45 26 42
45 27 18
45 28 49
45 30 49
45 31 4
45 32 29
45 34 33
45 35 11
45 37 31
45 38 17
45 39 23
45 40 22
45 41 4
45 42 27
45 43 3
45 46 34
45 47 14
45 48 26
45 49 39
46 1 9
46 2 27
46 3 46
46 4 44
46 5 47
46 6 46
46 7 13
46 8 19
46 9 48
46 10 2
46 11 18
46 12 39
46 14 1
46 15 50
46 16 12
46 17 8
46 18 48
46 19 1
46 21 30
46 22 43
46 24 10
46 25 13
46 26 37
46 27 30
46 29 37
46 30 37
46 32 42
46 33 15
46 34 33
46 35 48
46 36 3
46 37 49
46 38 14
46 39 20
46 40 23
46 41 31
46 42 8
46 43 11
46 44 16
46 45 34
46 47 41
46 48 31
46 49 26
47 2 18
47 3 36
47 4 26
47 5 50
47 6 39
47 9 41
47 10 18
47 11 16
47 12 49
47 13 43
47 14 16
47 15 9
47 16 43
47 17 31
47 18 1
47 19 48
47 20 45
47 21 22
47 22 14
47 23 29
47 24 18
47 25 23
47 26 50
47 27 13
47 28 33
47 29 7
47 30 22
47 31 27
47 32 35
47 33 27
47 34 21
47 35 3
47 36 35
47 37 39
47 38 31
47 41 6
47 42 42
47 43 40
47 44 36
47 45 14
47 46 41
47 48 42
47 49 20
48 2 48
48 3 23
48 4 17
48 5 32
48 6 44
48 9 4
48 10 31
48 11 33
48 12 48
48 13 21
48 15 17
48 16 27
48 17 45
48 18 16
48 19 41
48 20 43
48 21 40
48 22 12
48 23 43
48 24 10
48 25 29
48 26 40
48 27 49
48 28 5
48 29 50
48 30 32
48 32 35
48 33 4
48 35 28
48 36 28
48 37 46
48 38 6
48 39 48
48 41 24
48 42 5
48 43 47
48 44 38
48 45 26
48 46 31
48 47 42
48 49 35
2 t 1
3 t 35
4 t 3
5 t 6
6 t 18
7 t 44
8 t 31
9 t 4
10 t 19
11 t 13
13 t 20
14 t 34
15 t 40
16 t 28
17 t 16
18 t 33
21 t 3
22 t 40
23 t 1
24 t 16
25 t 26
26 t 10
27 t 21
30 t 44
31 t 43
32 t 13
33 t 18
34 t 50
35 t 4
36 t 18
37 t 17
39 t 19
41 t 21
43 t 39
44 t 44
45 t 39
46 t 26
47 t 20
48 t 35
