s 1 19
s 2 8
s 3 9
s 4 36
s 5 4
s 6 45
s 7 12
s 8 9
s 9 19
s 10 1
s 11 1
s 12 1
s 13 29
s 14 50
s 15 29
s 16 3
s 17 20
s 18 36
s 19 24
s 20 2
s 21 18
s 22 35
s 23 24
s 24 48
s 25 4
s 26 23
s 27 26
s 28 31
s 29 29
s 30 47
s 31 49
s 32 18
s 33 17
s 34 48
s 35 5
s 36 3
s 37 27
s 38 3
s 39 45
s 40 40
s 41 29
s 42 18
s 43 49
s 44 48
s 45 33
s 46 19
s 47 50
s 48 36
s 49 27
1 2 47
1 3 32
1 4 36
1 5 4
1 6 49
1 7 34
1 8 25
1 9 25
1 10 4
1 11 21
1 12 19
1 13 42
1 14 16
1 15 12
1 16 36
1 17 30
1 18 8
1 19 14
1 20 24
1 21 1
1 22 8
1 23 30
1 24 37
1 25 32
1 26 34
1 27 34
1 28 13
1 29 15
1 30 47
1 31 17
1 32 28
1 33 41
1 34 42
1 35 39
1 36 40
1 37 50
1 38 28
1 39 5
1 40 33
1 41 47
1 42 39
1 43 38
1 44 1
1 45 28
1 46 14
1 47 45
1 48 20
1 49 15
2 1 47
2 3 22
2 4 28
2 5 10
2 6 41
2 7 48
2 8 8
2 9 15
2 10 25
2 11 12
2 12 50
2 13 2
2 14 35
2 15 21
2 16 7
2 17 18
2 18 12
2 19 33
2 20 18
2 21 24
2 22 20
2 23 44
2 24 43
2 25 6
2 26 8
2 27 47
2 28 38
2 29 32
2 30 19
2 31 39
2 32 45
2 33 11
2 34 34
2 35 50
2 36 26
2 37 18
2 38 32
2 39 13
2 40 35
2 41 3
2 42 5
2 43 28
2 44 8
2 45 9
2 46 34
2 47 23
2 48 18
2 49 20
3 1 32
3 2 22
3 4 32
3 5 39
3 6 49
3 7 16
3 8 26
3 9 22
3 10 6
3 11 13
3 12 12
3 13 1
3 14 36
3 15 15
3 16 39
3 17 48
3 18 26
3 19 16
3 20 45
3 21 16
3 22 32
3 23 43
3 24 41
3 25 10
3 26 39
3 27 42
3 28 40
3 29 22
3 30 46
3 31 47
3 32 21
3 33 38
3 34 5
3 35 23
3 36 27
3 37 45
3 38 30
3 39 36
3 40 15
3 41 48
3 42 14
3 43 50
3 44 18
3 45 27
3 46 41
3 47 50
3 48 47
3 49 27
4 1 36
4 2 28
4 3 32
4 5 45
4 6 10
4 7 28
4 8 50
4 9 8
4 10 39
4 11 19
4 12 30
4 13 40
4 14 45
4 15 45
4 16 3
4 17 2
4 18 41
4 19 36
4 20 49
4 21 49
4 22 50
4 23 41
4 24 49
4 25 20
4 26 40
4 27 25
4 28 27
4 29 31
4 30 4
4 31 34
4 32 3
4 33 45
4 34 32
4 35 9
4 36 31
4 37 11
4 38 36
4 39 44
4 40 48
4 41 35
4 42 20
4 43 25
4 44 49
4 45 16
4 46 41
4 47 37
4 48 44
4 49 30
5 1 4
5 2 10
5 3 39
5 4 45
5 6 9
5 7 22
5 8 10
5 9 48
5 10 6
5 11 8
5 12 41
5 13 4
5 14 38
5 15 1
5 16 22
5 17 33
5 18 41
5 19 10
5 20 35
5 21 30
5 22 6
5 23 33
5 24 28
5 25 1
5 26 25
5 27 36
5 28 18
5 29 29
5 30 26
5 31 33
5 32 46
5 33 41
5 34 19
5 35 6
5 36 47
5 37 14
5 38 50
5 39 49
5 40 50
5 41 19
5 42 30
5 43 15
5 44 12
5 45 45
5 46 42
5 47 34
5 48 15
5 49 40
6 1 49
6 2 41
6 3 49
6 4 10
6 5 9
6 7 46
6 8 16
6 9 26
6 10 35
6 11 42
6 12 44
6 13 33
6 14 10
6 15 26
6 16 32
6 17 16
6 18 16
6 19 44
6 20 20
6 21 3
6 22 11
6 23 8
6 24 6
6 25 32
6 26 19
6 27 10
6 28 3
6 29 47
6 30 17
6 31 49
6 32 10
6 33 46
6 34 48
6 35 50
6 36 6
6 37 25
6 38 36
6 39 16
6 40 40
6 41 33
6 42 20
6 43 9
6 44 48
6 45 15
6 46 32
6 47 41
6 48 50
6 49 38
7 1 34
7 2 48
7 3 16
7 4 28
7 5 22
7 6 46
7 8 28
7 9 5
7 10 21
7 11 3
7 12 36
7 13 2
7 14 14
7 15 46
7 16 46
7 17 1
7 18 3
7 19 39
7 20 2
7 21 18
7 22 15
7 23 35
7 24 16
7 25 31
7 26 28
7 27 38
7 28 9
7 29 10
7 30 24
7 31 8
7 32 50
7 33 7
7 34 12
7 35 26
7 36 45
7 37 27
7 38 38
7 39 42
7 40 42
7 41 37
7 42 32
7 43 27
7 44 37
7 45 20
7 46 14
7 47 15
7 48 39
7 49 31
8 1 25
8 2 8
8 3 26
8 4 50
8 5 10
8 6 16
8 7 28
8 9 34
8 10 6
8 11 39
8 12 26
8 13 47
8 14 44
8 15 32
8 16 19
8 17 1
8 18 40
8 19 19
8 20 3
8 21 41
8 22 31
8 23 29
8 24 12
8 25 34
8 26 47
8 27 42
8 28 15
8 29 18
8 30 22
8 31 16
8 32 33
8 33 35
8 34 9
8 35 50
8 36 32
8 37 47
8 38 47
8 39 20
8 40 45
8 41 40
8 42 40
8 43 39
8 44 32
8 45 26
8 46 38
8 47 4
8 48 3
8 49 40
9 1 25
9 2 15
9 3 22
9 4 8
9 5 48
9 6 26
9 7 5
9 8 34
9 10 18
9 11 35
9 12 38
9 13 35
9 14 25
9 15 11
9 16 22
9 17 3
9 18 32
9 19 28
9 20 18
9 21 35
9 22 27
9 23 16
9 24 35
9 25 29
9 26 20
9 27 23
9 28 38
9 29 29
9 30 29
9 31 45
9 32 5
9 33 2
9 34 33
9 35 24
9 36 21
9 37 48
9 38 47
9 39 6
9 40 28
9 41 26
9 42 17
9 43 29
9 44 2
9 45 14
9 46 18
9 47 37
9 48 17
9 49 18
10 1 4
10 2 25
10 3 6
10 4 39
10 5 6
10 6 35
10 7 21
10 8 6
10 9 18
10 11 37
10 12 40
10 13 34
10 14 29
10 15 19
10 16 17
10 17 36
10 18 40
10 19 4
10 20 37
10 21 33
10 22 40
10 23 46
10 24 36
10 25 22
10 26 19
10 27 42
10 28 5
10 29 32
10 30 45
10 31 23
10 32 39
10 33 30
10 34 12
10 35 46
10 36 45
10 37 31
10 38 6
10 39 30
10 40 18
10 41 29
10 42 47
10 43 9
10 44 35
10 45 24
10 46 28
10 47 26
10 48 21
10 49 42
11 1 21
11 2 12
11 3 13
11 4 19
11 5 8
11 6 42
11 7 3
11 8 39
11 9 35
11 10 37
11 12 7
11 13 25
11 14 17
11 15 29
11 16 42
11 17 12
11 18 10
11 19 16
11 20 20
11 21 6
11 22 7
11 23 16
11 24 11
11 25 5
11 26 14
11 27 42
11 28 46
11 29 21
11 30 32
11 31 42
11 32 11
11 33 7
11 34 47
11 35 2
11 36 47
11 37 39
11 38 25
11 39 34
11 40 30
11 41 43
11 42 35
11 43 44
11 44 29
11 45 48
11 46 19
11 47 42
11 48 44
11 49 49
12 1 19
12 2 50
12 3 12
12 4 30
12 5 41
12 6 44
12 7 36
12 8 26
12 9 38
12 10 40
12 11 7
12 13 23
12 14 5
12 15 26
12 16 50
12 17 30
12 18 8
12 19 16
12 20 49
12 21 23
12 22 43
12 23 29
12 24 34
12 25 9
12 26 3
12 27 36
12 28 3
12 29 41
12 30 48
12 31 9
12 32 26
12 33 5
12 34 41
12 35 25
12 36 21
12 37 11
12 38 12
12 39 40
12 40 8
12 41 38
12 42 1
12 43 16
12 44 14
12 45 41
12 46 47
12 47 16
12 48 10
12 49 47
13 1 42
13 2 2
13 3 1
13 4 40
13 5 4
13 6 33
13 7 2
13 8 47
13 9 35
13 10 34
13 11 25
13 12 23
13 14 38
13 15 32
13 16 49
13 17 31
13 18 3
13 19 9
13 20 6
13 21 30
13 22 27
13 23 49
13 24 8
13 25 21
13 26 9
13 27 26
13 28 22
13 29 35
13 30 10
13 31 14
13 32 6
13 33 23
13 34 50
13 35 43
13 36 1
13 37 17
13 38 35
13 39 45
13 40 29
13 41 15
13 42 22
13 43 22
13 44 6
13 45 35
13 46 39
13 47 44
13 48 28
13 49 45
14 1 16
14 2 35
14 3 36
14 4 45
14 5 38
14 6 10
14 7 14
14 8 44
14 9 25
14 10 29
14 11 17
14 12 5
14 13 38
14 15 48
14 16 18
14 17 42
14 18 26
14 19 2
14 20 28
14 21 28
14 22 32
14 23 27
14 24 37
14 25 25
14 26 22
14 27 6
14 28 1
14 29 18
14 30 17
14 31 16
14 32 46
14 33 8
14 34 13
14 35 1
14 36 36
14 37 11
14 38 3
14 39 15
14 40 5
14 41 7
14 42 1
14 43 15
14 44 38
14 45 29
14 46 14
14 47 44
14 48 12
14 49 39
15 1 12
15 2 21
15 3 15
15 4 45
15 5 1
15 6 26
15 7 46
15 8 32
15 9 11
15 10 19
15 11 29
15 12 26
15 13 32
15 14 48
15 16 12
15 17 33
15 18 33
15 19 37
15 20 24
15 21 40
15 22 35
15 23 50
15 24 1
15 25 18
15 26 36
15 27 22
15 28 29
15 29 6
15 30 9
15 31 6
15 32 19
15 33 2
15 34 6
15 35 4
15 36 34
15 37 34
15 38 28
15 39 27
15 40 35
15 41 3
15 42 10
15 43 20
15 44 6
15 45 29
15 46 36
15 47 13
15 48 21
15 49 42
16 1 36
16 2 7
16 3 39
16 4 3
16 5 22
16 6 32
16 7 46
16 8 19
16 9 22
16 10 17
16 11 42
16 12 50
16 13 49
16 14 18
16 15 12
16 17 20
16 18 15
16 19 1
16 20 46
16 21 15
16 22 12
16 23 10
16 24 3
16 25 35
16 26 4
16 27 16
16 28 50
16 29 41
16 30 47
16 31 45
16 32 17
16 33 25
16 34 48
16 35 22
16 36 40
16 37 10
16 38 32
16 39 9
16 40 13
16 41 48
16 42 35
16 43 9
16 44 3
16 45 45
16 46 36
16 47 44
16 48 24
16 49 28
17 1 30
17 2 18
17 3 48
17 4 2
17 5 33
17 6 16
17 7 1
17 8 1
17 9 3
17 10 36
17 11 12
17 12 30
17 13 31
17 14 42
17 15 33
17 16 20
17 18 4
17 19 22
17 20 27
17 21 23
17 22 26
17 23 21
17 24 22
17 25 12
17 26 18
17 27 44
17 28 26
17 29 47
17 30 22
17 31 35
17 32 43
17 33 8
17 34 22
17 35 27
17 36 15
17 37 46
17 38 2
17 39 47
17 40 12
17 41 2
17 42 3
17 43 11
17 44 46
17 45 50
17 46 21
17 47 43
17 48 45
17 49 5
18 1 8
18 2 12
18 3 26
18 4 41
18 5 41
18 6 16
18 7 3
18 8 40
18 9 32
18 10 40
18 11 10
18 12 8
18 13 3
18 14 26
18 15 33
18 16 15
18 17 4
18 19 48
18 20 2
18 21 30
18 22 48
18 23 12
18 24 24
18 25 17
18 26 8
18 27 11
18 28 12
18 29 38
18 30 33
18 31 21
18 32 30
18 33 8
18 34 31
18 35 19
18 36 9
18 37 11
18 38 3
18 39 40
18 40 20
18 41 1
18 42 21
18 43 6
18 44 19
18 45 22
18 46 34
18 47 30
18 48 40
18 49 12
19 1 14
19 2 33
19 3 16
19 4 36
19 5 10
19 6 44
19 7 39
19 8 19
19 9 28
19 10 4
19 11 16
19 12 16
19 13 9
19 14 2
19 15 37
19 16 1
19 17 22
19 18 48
19 20 15
19 21 24
19 22 1
19 23 49
19 24 17
19 25 40
19 26 45
19 27 7
19 28 9
19 29 4
19 30 8
19 31 1
19 32 25
19 33 44
19 34 35
19 35 3
19 36 20
19 37 21
19 38 32
19 39 23
19 40 11
19 41 42
19 42 18
19 43 47
19 44 11
19 45 3
19 46 25
19 47 7
19 48 14
19 49 32
20 1 24
20 2 18
20 3 45
20 4 49
20 5 35
20 6 20
20 7 2
20 8 3
20 9 18
20 10 37
20 11 20
20 12 49
20 13 6
20 14 28
20 15 24
20 16 46
20 17 27
20 18 2
20 19 15
20 21 6
20 22 38
20 23 18
20 24 26
20 25 30
20 26 33
20 27 39
20 28 17
20 29 33
20 30 46
20 31 7
20 32 1
20 33 28
20 34 1
20 35 11
20 36 11
20 37 43
20 38 30
20 39 9
20 40 38
20 41 11
20 42 31
20 43 15
20 44 16
20 45 21
20 46 11
20 47 38
20 48 19
20 49 45
21 1 1
21 2 24
21 3 16
21 4 49
21 5 30
21 6 3
21 7 18
21 8 41
21 9 35
21 10 33
21 11 6
21 12 23
21 13 30
21 14 28
21 15 40
21 16 15
21 17 23
21 18 30
21 19 24
21 20 6
21 22 38
21 23 1
21 24 24
21 25 36
21 26 16
21 27 46
21 28 12
21 29 4
21 30 29
21 31 40
21 32 50
21 33 21
21 34 47
21 35 32
21 36 16
21 37 47
21 38 13
21 39 39
21 40 10
21 41 23
21 42 12
21 43 14
21 44 33
21 45 3
21 46 2
21 47 46
21 48 4
21 49 6
22 1 8
22 2 20
22 3 32
22 4 50
22 5 6
22 6 11
22 7 15
22 8 31
22 9 27
22 10 40
22 11 7
22 12 43
22 13 27
22 14 32
22 15 35
22 16 12
22 17 26
22 18 48
22 19 1
22 20 38
22 21 38
22 23 20
22 24 36
22 25 29
22 26 36
22 27 41
22 28 49
22 29 16
22 30 37
22 31 37
22 32 6
22 33 1
22 34 30
22 35 41
22 36 49
22 37 25
22 38 26
22 39 49
22 40 2
22 41 12
22 42 21
22 43 39
22 44 5
22 45 9
22 46 43
22 47 35
22 48 32
22 49 6
23 1 30
23 2 44
23 3 43
23 4 41
23 5 33
23 6 8
23 7 35
23 8 29
23 9 16
23 10 46
23 11 16
23 12 29
23 13 49
23 14 27
23 15 50
23 16 10
23 17 21
23 18 12
23 19 49
23 20 18
23 21 1
23 22 20
23 24 2
23 25 41
23 26 40
23 27 15
23 28 36
23 29 47
23 30 45
23 31 42
23 32 30
23 33 41
23 34 37
23 35 21
23 36 26
23 37 36
23 38 12
23 39 12
23 40 16
23 41 18
23 42 40
23 43 48
23 44 49
23 45 14
23 46 27
23 47 15
23 48 48
23 49 47
24 1 37
24 2 43
24 3 41
24 4 49
24 5 28
24 6 6
24 7 16
24 8 12
24 9 35
24 10 36
24 11 11
24 12 34
24 13 8
24 14 37
24 15 1
24 16 3
24 17 22
24 18 24
24 19 17
24 20 26
24 21 24
24 22 36
24 23 2
24 25 6
24 26 43
24 27 25
24 28 38
24 29 7
24 30 17
24 31 26
24 32 18
24 33 39
24 34 36
24 35 40
24 36 33
24 37 46
24 38 25
24 39 29
24 40 48
24 41 10
24 42 49
24 43 9
24 44 14
24 45 49
24 46 35
24 47 26
24 48 15
24 49 1
25 1 32
25 2 6
25 3 10
25 4 20
25 5 1
25 6 32
25 7 31
25 8 34
25 9 29
25 10 22
25 11 5
25 12 9
25 13 21
25 14 25
25 15 18
25 16 35
25 17 12
25 18 17
25 19 40
25 20 30
25 21 36
25 22 29
25 23 41
25 24 6
25 26 10
25 27 22
25 28 23
25 29 28
25 30 2
25 31 40
25 32 38
25 33 50
25 34 17
25 35 26
25 36 33
25 37 9
25 38 33
25 39 49
25 40 11
25 41 20
25 42 40
25 43 21
25 44 9
25 45 39
25 46 33
25 47 21
25 48 9
25 49 39
26 1 34
26 2 8
26 3 39
26 4 40
26 5 25
26 6 19
26 7 28
26 8 47
26 9 20
26 10 19
26 11 14
26 12 3
26 13 9
26 14 22
26 15 36
26 16 4
26 17 18
26 18 8
26 19 45
26 20 33
26 21 16
26 22 36
26 23 40
26 24 43
26 25 10
26 27 23
26 28 15
26 29 42
26 30 24
26 31 36
26 32 18
26 33 30
26 34 28
26 35 8
26 36 11
26 37 2
26 38 41
26 39 49
26 40 20
26 41 22
26 42 6
26 43 41
26 44 12
26 45 45
26 46 2
26 47 43
26 48 35
26 49 38
27 1 34
27 2 47
27 3 42
27 4 25
27 5 36
27 6 10
27 7 38
27 8 42
27 9 23
27 10 42
27 11 42
27 12 36
27 13 26
27 14 6
27 15 22
27 16 16
27 17 44
27 18 11
27 19 7
27 20 39
27 21 46
27 22 41
27 23 15
27 24 25
27 25 22
27 26 23
27 28 15
27 29 1
27 30 19
27 31 12
27 32 25
27 33 43
27 34 41
27 35 48
27 36 47
27 37 46
27 38 15
27 39 47
27 40 2
27 41 9
27 42 5
27 43 13
27 44 48
27 45 38
27 46 8
27 47 23
27 48 36
27 49 38
28 1 13
28 2 38
28 3 40
28 4 27
28 5 18
28 6 3
28 7 9
28 8 15
28 9 38
28 10 5
28 11 46
28 12 3
28 13 22
28 14 1
28 15 29
28 16 50
28 17 26
28 18 12
28 19 9
28 20 17
28 21 12
28 22 49
28 23 36
28 24 38
28 25 23
28 26 15
28 27 15
28 29 16
28 30 8
28 31 23
28 32 31
28 33 49
28 34 6
28 35 10
28 36 49
28 37 49
28 38 29
28 39 25
28 40 1
28 41 43
28 42 19
28 43 43
28 44 14
28 45 40
28 46 31
28 47 4
28 48 26
28 49 35
29 1 15
29 2 32
29 3 22
29 4 31
29 5 29
29 6 47
29 7 10
29 8 18
29 9 29
29 10 32
29 11 21
29 12 41
29 13 35
29 14 18
29 15 6
29 16 41
29 17 47
29 18 38
29 19 4
29 20 33
29 21 4
29 22 16
29 23 47
29 24 7
29 25 28
29 26 42
29 27 1
29 28 16
29 30 21
29 31 12
29 32 5
29 33 11
29 34 50
29 35 45
29 36 49
29 37 45
29 38 11
29 39 11
29 40 18
29 41 48
29 42 13
29 43 46
29 44 33
29 45 25
29 46 33
29 47 8
29 48 47
29 49 3
30 1 47
30 2 19
30 3 46
30 4 4
30 5 26
30 6 17
30 7 24
30 8 22
30 9 29
30 10 45
30 11 32
30 12 48
30 13 10
30 14 17
30 15 9
30 16 47
30 17 22
30 18 33
30 19 8
30 20 46
30 21 29
30 22 37
30 23 45
30 24 17
30 25 2
30 26 24
30 27 19
30 28 8
30 29 21
30 31 50
30 32 49
30 33 4
30 34 50
30 35 47
30 36 2
30 37 14
30 38 49
30 39 4
30 40 33
30 41 25
30 42 16
30 43 20
30 44 46
30 45 17
30 46 12
30 47 31
30 48 28
30 49 16
31 1 17
31 2 39
31 3 47
31 4 34
31 5 33
31 6 49
31 7 8
31 8 16
31 9 45
31 10 23
31 11 42
31 12 9
31 13 14
31 14 16
31 15 6
31 16 45
31 17 35
31 18 21
31 19 1
31 20 7
31 21 40
31 22 37
31 23 42
31 24 26
31 25 40
31 26 36
31 27 12
31 28 23
31 29 12
31 30 50
31 32 16
31 33 25
31 34 42
31 35 50
31 36 49
31 37 21
31 38 36
31 39 13
31 40 17
31 41 1
31 42 6
31 43 2
31 44 4
31 45 19
31 46 21
31 47 22
31 48 2
31 49 33
32 1 28
32 2 45
32 3 21
32 4 3
32 5 46
32 6 10
32 7 50
32 8 33
32 9 5
32 10 39
32 11 11
32 12 26
32 13 6
32 14 46
32 15 19
32 16 17
32 17 43
32 18 30
32 19 25
32 20 1
32 21 50
32 22 6
32 23 30
32 24 18
32 25 38
32 26 18
32 27 25
32 28 31
32 29 5
32 30 49
32 31 16
32 33 22
32 34 8
32 35 10
32 36 12
32 37 41
32 38 42
32 39 15
32 40 39
32 41 33
32 42 19
32 43 45
32 44 22
32 45 17
32 46 37
32 47 49
32 48 18
32 49 44
33 1 41
33 2 11
33 3 38
33 4 45
33 5 41
33 6 46
33 7 7
33 8 35
33 9 2
33 10 30
33 11 7
33 12 5
33 13 23
33 14 8
33 15 2
33 16 25
33 17 8
33 18 8
33 19 44
33 20 28
33 21 21
33 22 1
33 23 41
33 24 39
33 25 50
33 26 30
33 27 43
33 28 49
33 29 11
33 30 4
33 31 25
33 32 22
33 34 32
33 35 27
33 36 30
33 37 42
33 38 43
33 39 22
33 40 15
33 41 8
33 42 42
33 43 26
33 44 18
33 45 6
33 46 1
33 47 23
33 48 43
33 49 18
34 1 42
34 2 34
34 3 5
34 4 32
34 5 19
34 6 48
34 7 12
34 8 9
34 9 33
34 10 12
34 11 47
34 12 41
34 13 50
34 14 13
34 15 6
34 16 48
34 17 22
34 18 31
34 19 35
34 20 1
34 21 47
34 22 30
34 23 37
34 24 36
34 25 17
34 26 28
34 27 41
34 28 6
34 29 50
34 30 50
34 31 42
34 32 8
34 33 32
34 35 42
34 36 43
34 37 41
34 38 7
34 39 34
34 40 48
34 41 2
34 42 5
34 43 39
34 44 20
34 45 35
34 46 44
34 47 20
34 48 37
34 49 7
35 1 39
35 2 50
35 3 23
35 4 9
35 5 6
35 6 50
35 7 26
35 8 50
35 9 24
35 10 46
35 11 2
35 12 25
35 13 43
35 14 1
35 15 4
35 16 22
35 17 27
35 18 19
35 19 3
35 20 11
35 21 32
35 22 41
35 23 21
35 24 40
35 25 26
35 26 8
35 27 48
35 28 10
35 29 45
35 30 47
35 31 50
35 32 10
35 33 27
35 34 42
35 36 7
35 37 48
35 38 22
35 39 34
35 40 40
35 41 20
35 42 31
35 43 14
35 44 36
35 45 29
35 46 27
35 47 3
35 48 18
35 49 28
36 1 40
36 2 26
36 3 27
36 4 31
36 5 47
36 6 6
36 7 45
36 8 32
36 9 21
36 10 45
36 11 47
36 12 21
36 13 1
36 14 36
36 15 34
36 16 40
36 17 15
36 18 9
36 19 20
36 20 11
36 21 16
36 22 49
36 23 26
36 24 33
36 25 33
36 26 11
36 27 47
36 28 49
36 29 49
36 30 2
36 31 49
36 32 12
36 33 30
36 34 43
36 35 7
36 37 32
36 38 40
36 39 32
36 40 38
36 41 22
36 42 38
36 43 44
36 44 23
36 45 27
36 46 15
36 47 38
36 48 20
36 49 3
37 1 50
37 2 18
37 3 45
37 4 11
37 5 14
37 6 25
37 7 27
37 8 47
37 9 48
37 10 31
37 11 39
37 12 11
37 13 17
37 14 11
37 15 34
37 16 10
37 17 46
37 18 11
37 19 21
37 20 43
37 21 47
37 22 25
37 23 36
37 24 46
37 25 9
37 26 2
37 27 46
37 28 49
37 29 45
37 30 14
37 31 21
37 32 41
37 33 42
37 34 41
37 35 48
37 36 32
37 38 11
37 39 42
37 40 28
37 41 38
37 42 5
37 43 29
37 44 37
37 45 45
37 46 1
37 47 3
37 48 39
37 49 20
38 1 28
38 2 32
38 3 30
38 4 36
38 5 50
38 6 36
38 7 38
38 8 47
38 9 47
38 10 6
38 11 25
38 12 12
38 13 35
38 14 3
38 15 28
38 16 32
38 17 2
38 18 3
38 19 32
38 20 30
38 21 13
38 22 26
38 23 12
38 24 25
38 25 33
38 26 41
38 27 15
38 28 29
38 29 11
38 30 49
38 31 36
38 32 42
38 33 43
38 34 7
38 35 22
38 36 40
38 37 11
38 39 27
38 40 40
38 41 46
38 42 48
38 43 8
38 44 29
38 45 39
38 46 15
38 47 43
38 48 33
38 49 1
39 1 5
39 2 13
39 3 36
39 4 44
39 5 49
39 6 16
39 7 42
39 8 20
39 9 6
39 10 30
39 11 34
39 12 40
39 13 45
39 14 15
39 15 27
39 16 9
39 17 47
39 18 40
39 19 23
39 20 9
39 21 39
39 22 49
39 23 12
39 24 29
39 25 49
39 26 49
39 27 47
39 28 25
39 29 11
39 30 4
39 31 13
39 32 15
39 33 22
39 34 34
39 35 34
39 36 32
39 37 42
39 38 27
39 40 4
39 41 5
39 42 25
39 43 30
39 44 41
39 45 12
39 46 15
39 47 15
39 48 43
39 49 21
40 1 33
40 2 35
40 3 15
40 4 48
40 5 50
40 6 40
40 7 42
40 8 45
40 9 28
40 10 18
40 11 30
40 12 8
40 13 29
40 14 5
40 15 35
40 16 13
40 17 12
40 18 20
40 19 11
40 20 38
40 21 10
40 22 2
40 23 16
40 24 48
40 25 11
40 26 20
40 27 2
40 28 1
40 29 18
40 30 33
40 31 17
40 32 39
40 33 15
40 34 48
40 35 40
40 36 38
40 37 28
40 38 40
40 39 4
40 41 41
40 42 34
40 43 22
40 44 3
40 45 24
40 46 19
40 47 14
40 48 37
40 49 48
41 1 47
41 2 3
41 3 48
41 4 35
41 5 19
41 6 33
41 7 37
41 8 40
41 9 26
41 10 29
41 11 43
41 12 38
41 13 15
41 14 7
41 15 3
41 16 48
41 17 2
41 18 1
41 19 42
41 20 11
41 21 23
41 22 12
41 23 18
41 24 10
41 25 20
41 26 22
41 27 9
41 28 43
41 29 48
41 30 25
41 31 1
41 32 33
41 33 8
41 34 2
41 35 20
41 36 22
41 37 38
41 38 46
41 39 5
41 40 41
41 42 28
41 43 46
41 44 13
41 45 8
41 46 34
41 47 17
41 48 43
41 49 9
42 1 39
42 2 5
42 3 14
42 4 20
42 5 30
42 6 20
42 7 32
42 8 40
42 9 17
42 10 47
42 11 35
42 12 1
42 13 22
42 14 1
42 15 10
42 16 35
42 17 3
42 18 21
42 19 18
42 20 31
42 21 12
42 22 21
42 23 40
42 24 49
42 25 40
42 26 6
42 27 5
42 28 19
42 29 13
42 30 16
42 31 6
42 32 19
42 33 42
42 34 5
42 35 31
42 36 38
42 37 5
42 38 48
42 39 25
42 40 34
42 41 28
42 43 27
42 44 44
42 45 39
42 46 2
42 47 26
42 48 22
42 49 37
43 1 38
43 2 28
43 3 50
43 4 25
43 5 15
43 6 9
43 7 27
43 8 39
43 9 29
43 10 9
43 11 44
43 12 16
43 13 22
43 14 15
43 15 20
43 16 9
43 17 11
43 18 6
43 19 47
43 20 15
43 21 14
43 22 39
43 23 48
43 24 9
43 25 21
43 26 41
43 27 13
43 28 43
43 29 46
43 30 20
43 31 2
43 32 45
43 33 26
43 34 39
43 35 14
43 36 44
43 37 29
43 38 8
43 39 30
43 40 22
43 41 46
43 42 27
43 44 24
43 45 5
43 46 28
43 47 10
43 48 5
43 49 34
44 1 1
44 2 8
44 3 18
44 4 49
44 5 12
44 6 48
44 7 37
44 8 32
44 9 2
44 10 35
44 11 29
44 12 14
44 13 6
44 14 38
44 15 6
44 16 3
44 17 46
44 18 19
44 19 11
44 20 16
44 21 33
44 22 5
44 23 49
44 24 14
44 25 9
44 26 12
44 27 48
44 28 14
44 29 33
44 30 46
44 31 4
44 32 22
44 33 18
44 34 20
44 35 36
44 36 23
44 37 37
44 38 29
44 39 41
44 40 3
44 41 13
44 42 44
44 43 24
44 45 16
44 46 3
44 47 38
44 48 4
44 49 14
45 1 28
45 2 9
45 3 27
45 4 16
45 5 45
45 6 15
45 7 20
45 8 26
45 9 14
45 10 24
45 11 48
45 12 41
45 13 35
45 14 29
45 15 29
45 16 45
45 17 50
45 18 22
45 19 3
45 20 21
45 21 3
45 22 9
45 23 14
45 24 49
45 25 39
45 26 45
45 27 38
45 28 40
45 29 25
45 30 17
45 31 19
45 32 17
45 33 6
45 34 35
45 35 29
45 36 27
45 37 45
45 38 39
45 39 12
45 40 24
45 41 8
45 42 39
45 43 5
45 44 16
45 46 26
45 47 44
45 48 47
45 49 27
46 1 14
46 2 34
46 3 41
46 4 41
46 5 42
46 6 32
46 7 14
46 8 38
46 9 18
46 10 28
46 11 19
46 12 47
46 13 39
46 14 14
46 15 36
46 16 36
46 17 21
46 18 34
46 19 25
46 20 11
46 21 2
46 22 43
46 23 27
46 24 35
46 25 33
46 26 2
46 27 8
46 28 31
46 29 33
46 30 12
46 31 21
46 32 37
46 33 1
46 34 44
46 35 27
46 36 15
46 37 1
46 38 15
46 39 15
46 40 19
46 41 34
46 42 2
46 43 28
46 44 3
46 45 26
46 47 34
46 48 29
46 49 3
47 1 45
47 2 23
47 3 50
47 4 37
47 5 34
47 6 41
47 7 15
47 8 4
47 9 37
47 10 26
47 11 42
47 12 16
47 13 44
47 14 44
47 15 13
47 16 44
47 17 43
47 18 30
47 19 7
47 20 38
47 21 46
47 22 35
47 23 15
47 24 26
47 25 21
47 26 43
47 27 23
47 28 4
47 29 8
47 30 31
47 31 22
47 32 49
47 33 23
47 34 20
47 35 3
47 36 38
47 37 3
47 38 43
47 39 15
47 40 14
47 41 17
47 42 26
47 43 10
47 44 38
47 45 44
47 46 34
47 48 36
47 49 43
48 1 20
48 2 18
48 3 47
48 4 44
48 5 15
48 6 50
48 7 39
48 8 3
48 9 17
48 10 21
48 11 44
48 12 10
48 13 28
48 14 12
48 15 21
48 16 24
48 17 45
48 18 40
48 19 14
48 20 19
48 21 4
48 22 32
48 23 48
48 24 15
48 25 9
48 26 35
48 27 36
48 28 26
48 29 47
48 30 28
48 31 2
48 32 18
48 33 43
48 34 37
48 35 18
48 36 20
48 37 39
48 38 33
48 39 43
48 40 37
48 41 43
48 42 22
48 43 5
48 44 4
48 45 47
48 46 29
48 47 36
48 49 10
1 t 15
2 t 20
3 t 27
4 t 30
5 t 40
6 t 38
7 t 31
8 t 40
9 t 18
10 t 42
11 t 49
12 t 47
13 t 45
14 t 39
15 t 42
16 t 28
17 t 5
18 t 12
19 t 32
20 t 45
21 t 6
22 t 6
23 t 47
24 t 1
25 t 39
26 t 38
27 t 38
28 t 35
29 t 3
30 t 16
31 t 33
32 t 44
33 t 18
34 t 7
35 t 28
36 t 3
37 t 20
38 t 1
39 t 21
40 t 48
41 t 9
42 t 37
43 t 34
44 t 14
45 t 27
46 t 3
47 t 43
48 t 10
