s 1 27
s 2 18
s 3 37
s 4 26
s 6 28
s 9 17
s 10 9
s 11 16
s 13 3
s 15 48
s 16 29
s 19 12
s 21 1
s 22 8
s 23 18
s 24 4
1 3 29
1 5 10
1 6 22
1 7 38
1 9 1
1 13 38
1 14 26
1 15 25
1 17 9
1 18 39
1 22 14
1 23 24
2 3 35
2 5 18
2 6 15
2 7 16
2 8 6
2 10 13
2 12 45
2 15 45
2 16 15
2 17 50
2 21 16
2 22 36
3 1 29
3 2 35
3 6 25
3 7 30
3 10 32
3 12 4
3 13 50
3 14 24
3 15 49
3 17 9
3 18 7
3 20 5
4 7 10
4 8 34
4 9 41
4 10 30
4 12 6
4 13 48
4 15 41
4 18 14
4 19 37
4 20 9
4 21 29
4 22 36
5 1 10
5 2 18
5 6 25
5 8 39
5 12 41
5 15 44
5 16 10
5 18 18
5 19 17
5 21 50
5 22 3
5 24 24
6 1 22
6 2 15
6 3 25
6 5 25
6 7 21
6 11 9
6 12 43
6 13 24
6 17 18
6 19 4
6 20 11
6 21 50
6 23 38
7 1 38
7 2 16
7 3 30
7 4 10
7 6 21
7 8 47
7 11 45
7 13 21
7 14 27
7 15 33
7 18 41
7 19 18
7 24 43
8 2 6
8 4 34
8 5 39
8 7 47
8 11 34
8 16 33
8 17 50
8 19 34
8 20 10
8 21 20
8 22 30
9 1 1
9 4 41
9 10 32
9 12 27
9 13 39
9 14 36
9 16 34
9 17 46
9 20 5
9 22 22
9 23 48
10 2 13
10 3 32
10 4 30
10 9 32
10 11 7
10 14 16
10 15 24
10 17 1
10 20 24
10 21 44
10 22 26
10 23 10
11 6 9
11 7 45
11 8 34
11 10 7
11 17 32
11 21 44
11 22 6
11 24 5
12 2 45
12 3 4
12 4 6
12 5 41
12 6 43
12 9 27
12 16 26
12 17 41
12 18 32
12 19 41
12 22 16
13 1 38
13 3 50
13 4 48
13 6 24
13 7 21
13 9 39
13 14 29
13 17 13
13 19 14
13 24 29
14 1 26
14 3 24
14 7 27
14 9 36
14 10 16
14 13 29
14 15 37
14 18 44
14 20 37
14 22 13
14 24 22
15 1 25
15 2 45
15 3 49
15 4 41
15 5 44
15 7 33
15 10 24
15 14 37
15 18 19
15 19 37
15 20 9
15 21 28
15 24 35
16 2 15
16 5 10
16 8 33
16 9 34
16 12 26
16 17 46
16 18 12
16 21 1
16 23 46
17 1 9
17 2 50
17 3 9
17 6 18
17 8 50
17 9 46
17 10 1
17 11 32
17 12 41
17 13 13
17 16 46
17 19 4
17 22 30
17 23 8
17 24 35
18 1 39
18 3 7
18 4 14
18 5 18
18 7 41
18 12 32
18 14 44
18 15 19
18 16 12
18 20 1
19 4 37
19 5 17
19 6 4
19 7 18
19 8 34
19 12 41
19 13 14
19 15 37
19 17 4
19 22 15
19 24 14
20 3 5
20 4 9
20 6 11
20 8 10
20 9 5
20 10 24
20 14 37
20 15 9
20 18 1
20 21 3
20 22 41
20 24 48
21 2 16
21 4 29
21 5 50
21 6 50
21 8 20
21 10 44
21 11 44
21 15 28
21 16 1
21 20 3
21 24 45
22 1 14
22 2 36
22 4 36
22 5 3
22 8 30
22 9 22
22 10 26
22 11 6
22 12 16
22 14 13
22 17 30
22 19 15
22 20 41
22 23 2
22 24 5
23 1 24
23 6 38
23 9 48
23 10 10
23 16 46
23 17 8
23 22 2
5 t 24
7 t 43
11 t 5
13 t 29
14 t 22
15 t 35
17 t 35
19 t 14
20 t 48
21 t 45
22 t 5
