s 2 40
s 6 15
s 8 1
s 10 4
s 17 11
s 18 20
s 20 15
s 25 45
s 27 42
s 28 20
s 29 20
s 30 2
s 31 42
s 34 2
s 35 15
s 36 41
s 38 36
s 39 25
s 42 44
s 44 41
s 45 41
s 46 40
s 47 7
s 48 46
s 51 8
s 56 19
s 62 25
s 63 26
s 64 19
s 65 42
s 67 16
s 69 18
s 70 17
s 73 34
s 74 27
1 6 37
1 9 23
1 11 44
1 13 21
1 15 22
1 18 37
1 19 14
1 20 28
1 21 1
1 23 37
1 25 20
1 27 24
1 29 4
1 32 41
1 35 9
1 36 41
1 38 48
1 39 34
1 41 37
1 44 47
1 47 26
1 50 9
1 51 6
1 52 24
1 53 19
1 56 28
1 58 41
1 64 37
1 66 19
1 67 18
1 70 18
1 71 23
1 72 36
1 73 43
2 5 13
2 9 14
2 12 40
2 15 38
2 16 13
2 18 49
2 21 49
2 23 32
2 24 8
2 25 34
2 27 48
2 29 4
2 30 29
2 31 15
2 33 33
2 37 25
2 39 45
2 42 14
2 47 15
2 49 24
2 50 9
2 61 30
2 64 21
2 65 26
2 66 23
2 69 4
2 71 35
2 73 20
3 4 12
3 5 35
3 9 7
3 10 24
3 11 17
3 14 37
3 15 28
3 16 44
3 17 22
3 18 35
3 19 1
3 21 15
3 26 11
3 27 35
3 29 49
3 30 47
3 33 4
3 35 47
3 36 18
3 45 15
3 49 8
3 55 31
3 56 28
3 58 30
3 59 36
3 62 48
3 63 16
3 64 50
3 65 30
3 66 24
3 67 19
3 69 27
3 72 12
3 74 9
4 3 12
4 5 45
4 6 3
4 8 15
4 9 46
4 10 31
4 11 50
4 12 47
4 13 15
4 15 24
4 16 26
4 18 50
4 19 45
4 20 47
4 21 25
4 25 35
4 27 28
4 29 32
4 32 41
4 39 36
4 40 14
4 41 36
4 42 38
4 45 38
4 46 33
4 48 25
4 49 12
4 50 46
4 51 42
4 55 27
4 57 31
4 61 40
4 63 21
4 65 8
4 66 39
4 69 24
4 70 17
4 73 31
4 74 9
5 2 13
5 3 35
5 4 45
5 7 24
5 8 11
5 9 33
5 10 30
5 11 26
5 12 29
5 15 40
5 17 19
5 19 13
5 20 31
5 21 8
5 22 42
5 23 14
5 25 14
5 26 23
5 30 25
5 31 23
5 33 35
5 35 19
5 38 49
5 44 25
5 45 24
5 46 43
5 47 16
5 49 42
5 50 44
5 52 32
5 56 30
5 59 38
5 61 20
5 66 1
5 69 18
5 70 21
5 71 9
5 73 13
5 74 9
6 1 37
6 4 3
6 8 11
6 13 3
6 15 48
6 16 38
6 17 19
6 18 9
6 19 42
6 21 24
6 22 23
6 28 37
6 29 31
6 31 7
6 32 22
6 33 20
6 34 2
6 35 15
6 36 38
6 37 23
6 38 2
6 39 34
6 40 1
6 42 26
6 44 40
6 48 30
6 49 46
6 50 28
6 51 19
6 52 34
6 53 6
6 54 21
6 55 6
6 59 3
6 61 50
6 62 12
6 64 11
6 65 19
6 66 30
6 67 34
6 68 17
6 69 28
6 70 9
6 71 35
6 72 8
6 73 10
7 5 24
7 9 13
7 11 22
7 12 28
7 13 45
7 17 10
7 18 39
7 20 31
7 25 20
7 30 6
7 31 14
7 32 24
7 33 33
7 34 5
7 37 36
7 38 8
7 40 12
7 44 20
7 47 36
7 49 23
7 52 7
7 54 47
7 56 10
7 57 43
7 62 24
7 63 12
7 65 33
7 70 31
7 73 19
7 74 24
8 4 15
8 5 11
8 6 11
8 10 41
8 11 5
8 12 37
8 13 10
8 14 30
8 16 49
8 21 11
8 24 38
8 25 45
8 27 29
8 31 23
8 36 30
8 37 10
8 38 40
8 39 6
8 41 20
8 43 24
8 45 16
8 46 22
8 49 10
8 52 49
8 54 11
8 55 43
8 56 40
8 57 19
8 60 10
8 61 38
8 62 26
8 64 49
8 66 43
8 67 45
8 68 9
8 69 36
8 72 26
8 73 2
8 74 18
9 1 23
9 2 14
9 3 7
9 4 46
9 5 33
9 7 13
9 10 2
9 12 32
9 14 36
9 15 36
9 17 3
9 18 20
9 22 35
9 23 24
9 24 12
9 26 45
9 27 41
9 28 4
9 32 22
9 33 1
9 35 30
9 37 50
9 40 32
9 41 16
9 42 20
9 48 14
9 49 4
9 50 8
9 57 41
9 59 19
9 60 30
9 65 21
9 66 32
9 67 26
9 68 5
9 70 2
9 73 23
10 3 24
10 4 31
10 5 30
10 8 41
10 9 2
10 12 39
10 15 33
10 16 36
10 21 34
10 22 5
10 24 37
10 28 50
10 29 6
10 31 28
10 32 29
10 33 3
10 35 48
10 37 31
10 38 32
10 39 18
10 44 20
10 45 41
10 46 28
10 47 23
10 48 23
10 50 11
10 51 47
10 52 26
10 55 46
10 56 38
10 58 46
10 63 33
10 64 9
10 65 23
10 66 36
10 70 8
10 72 22
11 1 44
11 3 17
11 4 50
11 5 26
11 7 22
11 8 5
11 12 6
11 13 23
11 16 10
11 17 46
11 21 46
11 22 16
11 23 40
11 25 13
11 26 29
11 27 39
11 28 35
11 29 5
11 33 14
11 34 5
11 35 40
11 37 42
11 40 38
11 41 44
11 43 42
11 45 41
11 46 7
11 48 34
11 51 29
11 56 50
11 62 28
11 65 50
11 66 31
11 73 8
12 2 40
12 4 47
12 5 29
12 7 28
12 8 37
12 9 32
12 10 39
12 11 6
12 13 21
12 14 34
12 18 25
12 19 24
12 22 31
12 24 8
12 26 31
12 27 11
12 28 18
12 29 25
12 30 50
12 31 18
12 33 34
12 35 42
12 36 41
12 39 50
12 41 4
12 42 24
12 46 6
12 48 31
12 49 10
12 53 9
12 55 31
12 56 24
12 62 6
12 64 28
12 65 12
12 66 13
12 68 24
12 69 25
12 71 23
12 72 7
12 74 13
13 1 21
13 4 15
13 6 3
13 7 45
13 8 10
13 11 23
13 12 21
13 14 46
13 16 30
13 17 27
13 18 2
13 19 2
13 20 34
13 21 20
13 23 21
13 24 7
13 25 44
13 27 36
13 32 40
13 33 41
13 39 24
13 41 38
13 42 46
13 44 5
13 45 13
13 47 9
13 48 8
13 50 6
13 52 33
13 53 15
13 56 4
13 57 1
13 59 8
13 60 28
13 63 37
13 67 28
13 68 21
13 72 37
13 73 37
13 74 39
14 3 37
14 8 30
14 9 36
14 12 34
14 13 46
14 15 46
14 21 39
14 22 14
14 26 38
14 27 39
14 28 7
14 29 17
14 30 17
14 31 8
14 32 1
14 33 12
14 34 11
14 35 44
14 37 22
14 38 14
14 39 40
14 40 42
14 44 45
14 45 19
14 47 22
14 49 24
14 50 32
14 55 49
14 56 23
14 57 6
14 59 38
14 60 30
14 62 15
14 64 11
14 65 34
14 68 49
14 72 21
14 73 44
14 74 36
15 1 22
15 2 38
15 3 28
15 4 24
15 5 40
15 6 48
15 9 36
15 10 33
15 14 46
15 20 40
15 21 2
15 22 14
15 23 31
15 24 21
15 30 31
15 32 19
15 33 22
15 34 19
15 35 16
15 38 40
15 40 48
15 42 13
15 44 26
15 46 11
15 50 44
15 54 18
15 55 21
15 58 30
15 59 13
15 60 13
15 61 43
15 62 10
15 65 2
15 67 33
15 70 42
15 72 6
15 73 20
16 2 13
16 3 44
16 4 26
16 6 38
16 8 49
16 10 36
16 11 10
16 13 30
16 22 32
16 24 43
16 25 24
16 26 39
16 27 15
16 30 38
16 31 19
16 32 18
16 35 5
16 41 34
16 44 47
16 46 18
16 48 4
16 49 25
16 52 40
16 53 25
16 60 15
16 62 6
16 65 2
16 71 23
16 74 17
17 3 22
17 5 19
17 6 19
17 7 10
17 9 3
17 11 46
17 13 27
17 18 2
17 19 31
17 22 24
17 23 32
17 24 41
17 25 2
17 29 35
17 31 1
17 38 5
17 41 49
17 42 35
17 44 26
17 48 10
17 50 26
17 52 22
17 53 16
17 54 39
17 55 1
17 57 36
17 58 11
17 59 42
17 60 32
17 61 50
17 62 23
17 63 33
17 65 36
17 68 14
17 69 44
17 73 40
17 74 29
18 1 37
18 2 49
18 3 35
18 4 50
18 6 9
18 7 39
18 9 20
18 12 25
18 13 2
18 17 2
18 22 38
18 27 34
18 30 11
18 32 32
18 34 26
18 35 42
18 36 5
18 39 7
18 41 5
18 43 5
18 44 5
18 47 18
18 50 20
18 51 26
18 57 6
18 58 50
18 59 37
18 60 48
18 65 25
18 68 36
18 69 27
18 70 7
18 71 22
18 72 41
18 73 41
18 74 20
19 1 14
19 3 1
19 4 45
19 5 13
19 6 42
19 12 24
19 13 2
19 17 31
19 22 41
19 26 23
19 28 23
19 30 48
19 31 5
19 32 5
19 33 17
19 34 34
19 36 31
19 39 10
19 44 37
19 45 24
19 48 42
19 49 1
19 50 41
19 51 12
19 54 45
19 56 1
19 58 12
19 59 13
19 64 4
19 65 18
19 67 42
19 69 7
19 70 45
19 71 30
19 72 22
20 1 28
20 4 47
20 5 31
20 7 31
20 13 34
20 15 40
20 21 20
20 22 34
20 23 17
20 24 47
20 26 36
20 28 47
20 30 9
20 33 9
20 34 10
20 35 26
20 36 39
20 38 17
20 40 3
20 41 13
20 44 33
20 48 49
20 49 34
20 50 39
20 51 46
20 52 3
20 53 11
20 55 12
20 56 28
20 57 21
20 59 39
20 61 19
20 63 2
20 64 38
20 66 50
20 67 3
20 69 9
20 72 7
21 1 1
21 2 49
21 3 15
21 4 25
21 5 8
21 6 24
21 8 11
21 10 34
21 11 46
21 13 20
21 14 39
21 15 2
21 20 20
21 22 8
21 26 34
21 30 30
21 31 31
21 34 3
21 35 28
21 37 4
21 38 40
21 39 8
21 41 46
21 42 46
21 44 10
21 45 2
21 48 41
21 53 37
21 54 49
21 55 49
21 58 19
21 60 42
21 63 34
21 65 49
21 69 23
21 71 46
21 72 2
21 74 43
22 5 42
22 6 23
22 9 35
22 10 5
22 11 16
22 12 31
22 14 14
22 15 14
22 16 32
22 17 24
22 18 38
22 19 41
22 20 34
22 21 8
22 23 21
22 24 33
22 25 49
22 27 31
22 29 38
22 30 50
22 32 33
22 34 11
22 35 30
22 37 21
22 38 41
22 39 10
22 40 20
22 41 36
22 43 28
22 45 9
22 51 45
22 52 20
22 57 34
22 60 26
22 61 39
22 63 15
22 64 39
22 70 40
22 72 15
22 73 15
22 74 13
23 1 37
23 2 32
23 5 14
23 9 24
23 11 40
23 13 21
23 15 31
23 17 32
23 20 17
23 22 21
23 25 4
23 26 6
23 27 30
23 29 38
23 31 23
23 35 24
23 38 19
23 39 9
23 41 3
23 42 2
23 45 24
23 46 9
23 48 26
23 49 50
23 52 14
23 54 8
23 57 1
23 62 11
23 64 4
23 65 19
23 67 13
23 68 38
23 70 9
24 2 8
24 8 38
24 9 12
24 10 37
24 12 8
24 13 7
24 15 21
24 16 43
24 17 41
24 20 47
24 22 33
24 26 47
24 28 34
24 32 5
24 37 42
24 38 18
24 39 11
24 43 47
24 44 3
24 49 50
24 51 13
24 52 42
24 54 28
24 55 44
24 56 39
24 59 2
24 64 3
24 65 16
24 66 35
24 68 20
24 69 25
24 70 1
24 71 36
24 72 11
25 1 20
25 2 34
25 4 35
25 5 14
25 7 20
25 8 45
25 11 13
25 13 44
25 16 24
25 17 2
25 22 49
25 23 4
25 27 41
25 28 22
25 29 31
25 33 47
25 34 42
25 38 16
25 40 6
25 41 40
25 44 41
25 46 3
25 47 33
25 48 32
25 50 45
25 52 24
25 53 1
25 55 27
25 56 11
25 59 38
25 60 49
25 62 14
25 63 40
25 66 37
25 68 5
25 69 6
25 70 47
25 73 41
25 74 12
26 3 11
26 5 23
26 9 45
26 11 29
26 12 31
26 14 38
26 16 39
26 19 23
26 20 36
26 21 34
26 23 6
26 24 47
26 27 34
26 29 29
26 32 30
26 34 7
26 35 32
26 36 6
26 39 13
26 45 3
26 46 33
26 47 1
26 48 31
26 50 49
26 56 24
26 60 46
26 61 22
26 62 43
26 64 8
26 65 31
26 67 4
26 69 30
26 70 2
26 73 45
27 1 24
27 2 48
27 3 35
27 4 28
27 8 29
27 9 41
27 11 39
27 12 11
27 13 36
27 14 39
27 16 15
27 18 34
27 22 31
27 23 30
27 25 41
27 26 34
27 30 26
27 35 30
27 36 31
27 37 23
27 40 48
27 41 44
27 42 30
27 44 39
27 45 48
27 47 10
27 49 25
27 52 48
27 57 50
27 58 26
27 59 40
27 61 6
27 67 37
27 69 34
27 70 31
27 73 28
27 74 38
28 6 37
28 9 4
28 10 50
28 11 35
28 12 18
28 14 7
28 19 23
28 20 47
28 24 34
28 25 22
28 30 27
28 31 3
28 32 8
28 33 3
28 34 9
28 35 12
28 36 3
28 37 14
28 38 10
28 43 31
28 46 3
28 47 43
28 49 28
28 50 26
28 51 15
28 52 17
28 54 3
28 56 40
28 58 11
28 62 18
28 63 30
28 64 32
28 67 33
28 68 2
28 70 15
28 72 45
28 73 40
29 1 4
29 2 4
29 3 49
29 4 32
29 6 31
29 10 6
29 11 5
29 12 25
29 14 17
29 17 35
29 22 38
29 23 38
29 25 31
29 26 29
29 30 13
29 32 31
29 34 29
29 36 48
29 38 15
29 42 33
29 43 47
29 48 44
29 51 27
29 52 42
29 53 27
29 54 37
29 57 35
29 59 11
29 61 5
29 62 47
29 63 19
29 65 22
29 66 36
29 67 42
29 69 26
29 71 36
29 73 37
29 74 33
30 2 29
30 3 47
30 5 25
30 7 6
30 12 50
30 14 17
30 15 31
30 16 38
30 18 11
30 19 48
30 20 9
30 21 30
30 22 50
30 27 26
30 28 27
30 29 13
30 34 23
30 35 10
30 38 6
30 39 1
30 42 20
30 43 44
30 44 6
30 45 21
30 47 30
30 48 18
30 50 3
30 51 10
30 52 22
30 56 44
30 57 49
30 59 35
30 65 45
30 68 5
30 69 3
30 72 41
31 2 15
31 5 23
31 6 7
31 7 14
31 8 23
31 10 28
31 12 18
31 14 8
31 16 19
31 17 1
31 19 5
31 21 31
31 23 23
31 28 3
31 33 41
31 34 7
31 35 38
31 37 3
31 42 32
31 45 1
31 46 47
31 47 24
31 50 9
31 51 22
31 52 19
31 54 31
31 55 41
31 56 8
31 57 15
31 59 21
31 62 29
31 63 11
31 64 25
31 65 4
31 66 36
31 67 45
31 68 41
31 69 24
31 70 29
31 72 36
31 73 46
31 74 23
32 1 41
32 4 41
32 6 22
32 7 24
32 9 22
32 10 29
32 13 40
32 14 1
32 15 19
32 16 18
32 18 32
32 19 5
32 22 33
32 24 5
32 26 30
32 28 8
32 29 31
32 33 6
32 34 33
32 40 22
32 44 19
32 45 19
32 46 36
32 48 49
32 49 28
32 51 9
32 53 39
32 54 50
32 57 33
32 62 14
32 64 20
32 67 40
32 70 41
32 71 24
32 72 14
32 73 1
32 74 49
33 2 33
33 3 4
33 5 35
33 6 20
33 7 33
33 9 1
33 10 3
33 11 14
33 12 34
33 13 41
33 14 12
33 15 22
33 19 17
33 20 9
33 25 47
33 28 3
33 31 41
33 32 6
33 37 2
33 38 50
33 39 23
33 41 27
33 43 32
33 46 23
33 55 18
33 56 15
33 57 44
33 58 33
33 59 24
33 62 9
33 63 15
33 64 11
33 65 44
33 66 12
33 67 20
33 69 16
33 72 3
34 6 2
34 7 5
34 11 5
34 14 11
34 15 19
34 18 26
34 19 34
34 20 10
34 21 3
34 22 11
34 25 42
34 26 7
34 28 9
34 29 29
34 30 23
34 31 7
34 32 33
34 36 41
34 37 25
34 38 4
34 39 14
34 40 49
34 41 39
34 43 3
34 48 46
34 51 44
34 52 40
34 53 1
34 56 29
34 59 41
34 61 24
34 62 25
34 63 33
34 66 12
34 67 44
34 72 39
34 73 19
35 1 9
35 3 47
35 5 19
35 6 15
35 9 30
35 10 48
35 11 40
35 12 42
35 14 44
35 15 16
35 16 5
35 18 42
35 20 26
35 21 28
35 22 30
35 23 24
35 26 32
35 27 30
35 28 12
35 30 10
35 31 38
35 36 11
35 38 12
35 39 27
35 40 3
35 41 28
35 44 16
35 45 26
35 46 23
35 48 41
35 49 9
35 51 45
35 53 15
35 54 21
35 56 24
35 57 20
35 58 15
35 59 15
35 60 17
35 63 21
35 65 35
35 67 4
35 68 20
35 69 7
36 1 41
36 3 18
36 6 38
36 8 30
36 12 41
36 18 5
36 19 31
36 20 39
36 26 6
36 27 31
36 28 3
36 29 48
36 34 41
36 35 11
36 38 46
36 39 47
36 41 44
36 42 35
36 43 25
36 45 23
36 47 10
36 48 21
36 49 18
36 53 32
36 55 29
36 56 7
36 57 32
36 61 24
36 62 18
36 63 50
36 64 48
36 65 24
36 66 44
36 68 17
36 70 1
36 73 38
36 74 14
37 2 25
37 6 23
37 7 36
37 8 10
37 9 50
37 10 31
37 11 42
37 14 22
37 21 4
37 22 21
37 24 42
37 27 23
37 28 14
37 31 3
37 33 2
37 34 25
37 42 25
37 45 1
37 46 10
37 49 32
37 50 33
37 54 10
37 55 15
37 58 1
37 60 43
37 61 30
37 62 49
37 63 5
37 66 36
37 67 36
37 68 23
37 74 39
38 1 48
38 5 49
38 6 2
38 7 8
38 8 40
38 10 32
38 14 14
38 15 40
38 17 5
38 20 17
38 21 40
38 22 41
38 23 19
38 24 18
38 25 16
38 28 10
38 29 15
38 30 6
38 33 50
38 34 4
38 35 12
38 36 46
38 40 45
38 44 36
38 45 36
38 47 40
38 48 19
38 50 4
38 51 22
38 52 42
38 56 27
38 57 3
38 59 31
38 61 22
38 67 29
38 68 40
38 69 22
38 70 48
38 73 23
38 74 12
39 1 34
39 2 45
39 4 36
39 6 34
39 8 6
39 10 18
39 12 50
39 13 24
39 14 40
39 18 7
39 19 10
39 21 8
39 22 10
39 23 9
39 24 11
39 26 13
39 30 1
39 33 23
39 34 14
39 35 27
39 36 47
39 40 41
39 41 30
39 45 38
39 51 19
39 55 30
39 58 14
39 59 29
39 60 49
39 61 5
39 63 5
39 64 28
39 69 33
39 72 21
39 73 3
40 4 14
40 6 1
40 7 12
40 9 32
40 11 38
40 14 42
40 15 48
40 20 3
40 22 20
40 25 6
40 27 48
40 32 22
40 34 49
40 35 3
40 38 45
40 39 41
40 41 9
40 42 39
40 44 23
40 46 21
40 48 47
40 49 24
40 53 23
40 57 19
40 59 37
40 60 46
40 61 5
40 65 35
40 66 43
40 72 2
40 73 37
40 74 9
41 1 37
41 4 36
41 8 20
41 9 16
41 11 44
41 12 4
41 13 38
41 16 34
41 17 49
41 18 5
41 20 13
41 21 46
41 22 36
41 23 3
41 25 40
41 27 44
41 33 27
41 34 39
41 35 28
41 36 44
41 39 30
41 40 9
41 44 10
41 45 48
41 46 29
41 49 48
41 52 46
41 53 37
41 58 19
41 63 6
41 64 45
41 66 10
41 67 3
41 70 25
41 71 36
41 73 25
42 2 14
42 4 38
42 6 26
42 9 20
42 12 24
42 13 46
42 15 13
42 17 35
42 21 46
42 23 2
42 27 30
42 29 33
42 30 20
42 31 32
42 36 35
42 37 25
42 40 39
42 45 22
42 46 9
42 50 13
42 51 38
42 52 5
42 53 42
42 55 8
42 62 38
42 63 12
42 65 12
42 69 18
42 71 45
42 72 39
42 73 17
43 8 24
43 11 42
43 18 5
43 22 28
43 24 47
43 28 31
43 29 47
43 30 44
43 33 32
43 34 3
43 36 25
43 47 23
43 48 42
43 49 19
43 51 23
43 52 49
43 53 26
43 57 29
43 58 17
43 61 26
43 66 37
43 68 37
43 69 10
43 72 47
43 73 46
44 1 47
44 5 25
44 6 40
44 7 20
44 10 20
44 13 5
44 14 45
44 15 26
44 16 47
44 17 26
44 18 5
44 19 37
44 20 33
44 21 10
44 24 3
44 25 41
44 27 39
44 30 6
44 32 19
44 35 16
44 38 36
44 40 23
44 41 10
44 45 24
44 46 30
44 47 20
44 48 13
44 49 28
44 50 47
44 52 6
44 53 5
44 55 19
44 56 48
44 57 47
44 58 7
44 61 18
44 62 16
44 64 1
44 66 24
44 67 24
44 68 22
44 70 8
44 73 37
45 3 15
45 4 38
45 5 24
45 8 16
45 10 41
45 11 41
45 13 13
45 14 19
45 19 24
45 21 2
45 22 9
45 23 24
45 26 3
45 27 48
45 30 21
45 31 1
45 32 19
45 35 26
45 36 23
45 37 1
45 38 36
45 39 38
45 41 48
45 42 22
45 44 24
45 46 5
45 49 10
45 50 44
45 51 47
45 54 17
45 55 16
45 58 30
45 60 42
45 61 38
45 62 48
45 64 41
45 69 42
45 72 7
45 74 50
46 4 33
46 5 43
46 8 22
46 10 28
46 11 7
46 12 6
46 15 11
46 16 18
46 23 9
46 25 3
46 26 33
46 28 3
46 31 47
46 32 36
46 33 23
46 35 23
46 37 10
46 40 21
46 41 29
46 42 9
46 44 30
46 45 5
46 47 23
46 49 40
46 50 33
46 51 24
46 53 5
46 56 39
46 57 34
46 59 29
46 61 21
46 63 4
46 65 15
46 66 3
46 69 6
46 70 25
46 71 42
46 73 2
46 74 35
47 1 26
47 2 15
47 5 16
47 7 36
47 10 23
47 13 9
47 14 22
47 18 18
47 25 33
47 26 1
47 27 10
47 28 43
47 30 30
47 31 24
47 36 10
47 38 40
47 43 23
47 44 20
47 46 23
47 48 36
47 50 9
47 51 45
47 54 44
47 63 39
47 66 14
47 70 33
47 71 35
47 72 12
48 4 25
48 6 30
48 9 14
48 10 23
48 11 34
48 12 31
48 13 8
48 16 4
48 17 10
48 19 42
48 20 49
48 21 41
48 23 26
48 25 32
48 26 31
48 29 44
48 30 18
48 32 49
48 34 46
48 35 41
48 36 21
48 38 19
48 40 47
48 43 42
48 44 13
48 47 36
48 53 29
48 54 30
48 55 8
48 56 30
48 57 11
48 60 20
48 61 23
48 62 25
48 63 13
48 65 23
48 66 29
48 67 13
48 68 5
48 70 44
48 71 29
48 73 10
49 2 24
49 3 8
49 4 12
49 5 42
49 6 46
49 7 23
49 8 10
49 9 4
49 12 10
49 14 24
49 16 25
49 19 1
49 20 34
49 23 50
49 24 50
49 27 25
49 28 28
49 32 28
49 35 9
49 36 18
49 37 32
49 40 24
49 41 48
49 43 19
49 44 28
49 45 10
49 46 40
49 55 46
49 56 32
49 57 23
49 58 41
49 60 43
49 62 27
49 66 4
49 67 29
50 1 9
50 2 9
50 4 46
50 5 44
50 6 28
50 9 8
50 10 11
50 13 6
50 14 32
50 15 44
50 17 26
50 18 20
50 19 41
50 20 39
50 25 45
50 26 49
50 28 26
50 30 3
50 31 9
50 37 33
50 38 4
50 42 13
50 44 47
50 45 44
50 46 33
50 47 9
50 51 30
50 52 31
50 55 39
50 56 44
50 57 26
50 63 4
50 65 37
50 66 31
50 67 35
50 70 11
50 71 28
50 72 22
50 74 39
51 1 6
51 4 42
51 6 19
51 10 47
51 11 29
51 18 26
51 19 12
51 20 46
51 22 45
51 24 13
51 28 15
51 29 27
51 30 10
51 31 22
51 32 9
51 34 44
51 35 45
51 38 22
51 39 19
51 42 38
51 43 23
51 45 47
51 46 24
51 47 45
51 50 30
51 54 7
51 55 17
51 56 23
51 57 6
51 60 29
51 63 23
51 66 9
51 68 20
51 69 14
51 70 12
51 74 48
52 1 24
52 5 32
52 6 34
52 7 7
52 8 49
52 10 26
52 13 33
52 16 40
52 17 22
52 20 3
52 22 20
52 23 14
52 24 42
52 25 24
52 27 48
52 28 17
52 29 42
52 30 22
52 31 19
52 34 40
52 38 42
52 41 46
52 42 5
52 43 49
52 44 6
52 50 31
52 53 20
52 56 23
52 58 22
52 60 42
52 61 10
52 62 33
52 64 23
52 65 44
52 69 8
52 70 35
52 73 48
53 1 19
53 6 6
53 12 9
53 13 15
53 16 25
53 17 16
53 20 11
53 21 37
53 25 1
53 29 27
53 32 39
53 34 1
53 35 15
53 36 32
53 40 23
53 41 37
53 42 42
53 43 26
53 44 5
53 46 5
53 48 29
53 52 20
53 55 23
53 58 28
53 60 16
53 63 32
53 68 47
53 74 13
54 6 21
54 7 47
54 8 11
54 15 18
54 17 39
54 19 45
54 21 49
54 23 8
54 24 28
54 28 3
54 29 37
54 31 31
54 32 50
54 35 21
54 37 10
54 45 17
54 47 44
54 48 30
54 51 7
54 55 34
54 56 22
54 57 45
54 59 16
54 60 32
54 66 49
54 68 42
54 69 40
54 74 6
55 3 31
55 4 27
55 6 6
55 8 43
55 10 46
55 12 31
55 14 49
55 15 21
55 17 1
55 20 12
55 21 49
55 24 44
55 25 27
55 31 41
55 33 18
55 36 29
55 37 15
55 39 30
55 42 8
55 44 19
55 45 16
55 48 8
55 49 46
55 50 39
55 51 17
55 53 23
55 54 34
55 56 43
55 57 37
55 58 5
55 59 10
55 60 36
55 62 40
55 64 45
55 67 7
55 68 37
55 69 37
55 70 32
55 71 40
55 72 22
55 73 11
56 1 28
56 3 28
56 5 30
56 7 10
56 8 40
56 10 38
56 11 50
56 12 24
56 13 4
56 14 23
56 19 1
56 20 28
56 24 39
56 25 11
56 26 24
56 28 40
56 30 44
56 31 8
56 33 15
56 34 29
56 35 24
56 36 7
56 38 27
56 44 48
56 46 39
56 48 30
56 49 32
56 50 44
56 51 23
56 52 23
56 54 22
56 55 43
56 57 17
56 58 41
56 64 4
56 65 6
56 66 28
56 67 27
56 68 35
56 70 47
56 73 15
57 4 31
57 7 43
57 8 19
57 9 41
57 13 1
57 14 6
57 17 36
57 18 6
57 20 21
57 22 34
57 23 1
57 27 50
57 29 35
57 30 49
57 31 15
57 32 33
57 33 44
57 35 20
57 36 32
57 38 3
57 40 19
57 43 29
57 44 47
57 46 34
57 48 11
57 49 23
57 50 26
57 51 6
57 54 45
57 55 37
57 56 17
57 63 47
57 65 39
57 66 36
57 67 13
58 1 41
58 3 30
58 10 46
58 15 30
58 17 11
58 18 50
58 19 12
58 21 19
58 27 26
58 28 11
58 33 33
58 35 15
58 37 1
58 39 14
58 41 19
58 43 17
58 44 7
58 45 30
58 49 41
58 52 22
58 53 28
58 55 5
58 56 41
58 59 23
58 67 34
58 68 2
58 70 21
58 72 36
58 73 2
58 74 29
59 3 36
59 5 38
59 6 3
59 9 19
59 13 8
59 14 38
59 15 13
59 17 42
59 18 37
59 19 13
59 20 39
59 24 2
59 25 38
59 27 40
59 29 11
59 30 35
59 31 21
59 33 24
59 34 41
59 35 15
59 38 31
59 39 29
59 40 37
59 46 29
59 54 16
59 55 10
59 58 23
59 62 28
59 64 14
59 67 44
59 70 22
60 8 10
60 9 30
60 13 28
60 14 30
60 15 13
60 16 15
60 17 32
60 18 48
60 21 42
60 22 26
60 25 49
60 26 46
60 35 17
60 37 43
60 39 49
60 40 46
60 45 42
60 48 20
60 49 43
60 51 29
60 52 42
60 53 16
60 54 32
60 55 36
60 62 14
60 66 4
60 68 18
60 71 17
60 72 8
60 73 23
60 74 30
61 2 30
61 4 40
61 5 20
61 6 50
61 8 38
61 15 43
61 17 50
61 20 19
61 22 39
61 26 22
61 27 6
61 29 5
61 34 24
61 36 24
61 37 30
61 38 22
61 39 5
61 40 5
61 43 26
61 44 18
61 45 38
61 46 21
61 48 23
61 52 10
61 62 30
61 64 15
61 65 6
61 67 10
61 68 47
61 74 41
62 3 48
62 6 12
62 7 24
62 8 26
62 11 28
62 12 6
62 14 15
62 15 10
62 16 6
62 17 23
62 23 11
62 25 14
62 26 43
62 28 18
62 29 47
62 31 29
62 32 14
62 33 9
62 34 25
62 36 18
62 37 49
62 42 38
62 44 16
62 45 48
62 48 25
62 49 27
62 52 33
62 55 40
62 59 28
62 60 14
62 61 30
62 64 44
62 67 7
63 3 16
63 4 21
63 7 12
63 10 33
63 13 37
63 17 33
63 20 2
63 21 34
63 22 15
63 25 40
63 28 30
63 29 19
63 31 11
63 33 15
63 34 33
63 35 21
63 36 50
63 37 5
63 39 5
63 41 6
63 42 12
63 46 4
63 47 39
63 48 13
63 50 4
63 51 23
63 53 32
63 57 47
63 66 11
63 68 8
63 69 25
63 70 31
63 74 1
64 1 37
64 2 21
64 3 50
64 6 11
64 8 49
64 10 9
64 12 28
64 14 11
64 19 4
64 20 38
64 22 39
64 23 4
64 24 3
64 26 8
64 28 32
64 31 25
64 32 20
64 33 11
64 36 48
64 39 28
64 41 45
64 44 1
64 45 41
64 52 23
64 55 45
64 56 4
64 59 14
64 61 15
64 62 44
64 65 4
64 66 8
64 70 19
64 71 25
64 72 34
64 74 9
65 2 26
65 3 30
65 4 8
65 6 19
65 7 33
65 9 21
65 10 23
65 11 50
65 12 12
65 14 34
65 15 2
65 16 2
65 17 36
65 18 25
65 19 18
65 21 49
65 23 19
65 24 16
65 26 31
65 29 22
65 30 45
65 31 4
65 33 44
65 35 35
65 36 24
65 40 35
65 42 12
65 46 15
65 48 23
65 50 37
65 52 44
65 56 6
65 57 39
65 61 6
65 64 4
65 66 43
65 72 18
65 74 26
66 1 19
66 2 23
66 3 24
66 4 39
66 5 1
66 6 30
66 8 43
66 9 32
66 10 36
66 11 31
66 12 13
66 20 50
66 24 35
66 25 37
66 29 36
66 31 36
66 33 12
66 34 12
66 36 44
66 37 36
66 40 43
66 41 10
66 43 37
66 44 24
66 46 3
66 47 14
66 48 29
66 49 4
66 50 31
66 51 9
66 54 49
66 56 28
66 57 36
66 60 4
66 63 11
66 64 8
66 65 43
66 68 23
66 72 25
67 1 18
67 3 19
67 6 34
67 8 45
67 9 26
67 13 28
67 15 33
67 19 42
67 20 3
67 23 13
67 26 4
67 27 37
67 28 33
67 29 42
67 31 45
67 32 40
67 33 20
67 34 44
67 35 4
67 37 36
67 38 29
67 41 3
67 44 24
67 48 13
67 49 29
67 50 35
67 55 7
67 56 27
67 57 13
67 58 34
67 59 44
67 61 10
67 62 7
67 69 14
67 72 11
67 73 36
67 74 43
68 6 17
68 8 9
68 9 5
68 12 24
68 13 21
68 14 49
68 17 14
68 18 36
68 23 38
68 24 20
68 25 5
68 28 2
68 30 5
68 31 41
68 35 20
68 36 17
68 37 23
68 38 40
68 43 37
68 44 22
68 48 5
68 51 20
68 53 47
68 54 42
68 55 37
68 56 35
68 58 2
68 60 18
68 61 47
68 63 8
68 66 23
68 72 45
68 74 6
69 2 4
69 3 27
69 4 24
69 5 18
69 6 28
69 8 36
69 12 25
69 17 44
69 18 27
69 19 7
69 20 9
69 21 23
69 24 25
69 25 6
69 26 30
69 27 34
69 29 26
69 30 3
69 31 24
69 33 16
69 35 7
69 38 22
69 39 33
69 42 18
69 43 10
69 45 42
69 46 6
69 51 14
69 52 8
69 54 40
69 55 37
69 63 25
69 67 14
70 1 18
70 4 17
70 5 21
70 6 9
70 7 31
70 9 2
70 10 8
70 15 42
70 18 7
70 19 45
70 22 40
70 23 9
70 24 1
70 25 47
70 26 2
70 27 31
70 28 15
70 31 29
70 32 41
70 36 1
70 38 48
70 41 25
70 44 8
70 46 25
70 47 33
70 48 44
70 50 11
70 51 12
70 52 35
70 55 32
70 56 47
70 58 21
70 59 22
70 63 31
70 64 19
70 74 40
71 1 23
71 2 35
71 5 9
71 6 35
71 12 23
71 16 23
71 18 22
71 19 30
71 21 46
71 24 36
71 29 36
71 32 24
71 41 36
71 42 45
71 46 42
71 47 35
71 48 29
71 50 28
71 55 40
71 60 17
71 64 25
71 73 19
72 1 36
72 3 12
72 6 8
72 8 26
72 10 22
72 12 7
72 13 37
72 14 21
72 15 6
72 18 41
72 19 22
72 20 7
72 21 2
72 22 15
72 24 11
72 28 45
72 30 41
72 31 36
72 32 14
72 33 3
72 34 39
72 39 21
72 40 2
72 42 39
72 43 47
72 45 7
72 47 12
72 50 22
72 55 22
72 58 36
72 60 8
72 64 34
72 65 18
72 66 25
72 67 11
72 68 45
72 73 38
72 74 33
73 1 43
73 2 20
73 4 31
73 5 13
73 6 10
73 7 19
73 8 2
73 9 23
73 11 8
73 13 37
73 14 44
73 15 20
73 17 40
73 18 41
73 22 15
73 25 41
73 26 45
73 27 28
73 28 40
73 29 37
73 31 46
73 32 1
73 34 19
73 36 38
73 38 23
73 39 3
73 40 37
73 41 25
73 42 17
73 43 46
73 44 37
73 46 2
73 48 10
73 52 48
73 55 11
73 56 15
73 58 2
73 60 23
73 67 36
73 71 19
73 72 38
73 74 9
3 t 9
4 t 9
5 t 9
7 t 24
8 t 18
12 t 13
13 t 39
14 t 36
16 t 17
17 t 29
18 t 20
21 t 43
22 t 13
25 t 12
27 t 38
29 t 33
31 t 23
32 t 49
36 t 14
37 t 39
38 t 12
40 t 9
45 t 50
46 t 35
50 t 39
51 t 48
53 t 13
54 t 6
58 t 29
60 t 30
61 t 41
63 t 1
64 t 9
65 t 26
67 t 43
68 t 6
70 t 40
72 t 33
73 t 9
