s 4 22
s 5 41
s 6 50
s 8 3
s 9 30
s 10 3
s 11 42
s 13 25
s 15 22
s 18 37
s 19 16
s 24 6
s 25 44
s 26 34
s 30 3
s 32 21
s 33 11
s 34 1
s 35 20
s 39 22
s 40 24
s 41 40
s 46 20
s 47 49
s 48 8
s 49 31
s 51 24
s 55 25
s 56 13
s 57 32
s 58 8
s 59 22
s 62 40
s 63 44
s 65 41
s 68 50
s 70 21
s 72 37
s 73 17
s 74 35
s 79 1
s 81 8
s 82 3
s 83 22
s 85 40
s 86 10
s 89 27
s 92 42
s 93 4
s 94 33
s 95 7
s 96 25
s 97 22
s 100 49
s 102 28
s 104 25
s 108 22
s 111 38
s 112 16
s 114 49
s 115 28
s 117 30
s 118 44
s 119 33
s 122 46
s 124 24
1 2 11
1 7 11
1 14 37
1 15 2
1 16 44
1 17 14
1 19 47
1 20 17
1 21 3
1 22 20
1 24 22
1 26 10
1 27 24
1 28 50
1 29 2
1 30 18
1 34 7
1 35 33
1 37 42
1 40 20
1 41 8
1 46 42
1 47 4
1 50 38
1 53 28
1 55 29
1 57 2
1 64 23
1 67 4
1 70 31
1 74 19
1 76 47
1 78 25
1 83 16
1 84 1
1 85 39
1 86 36
1 93 24
1 95 18
1 96 17
1 98 1
1 99 15
1 100 19
1 101 27
1 105 17
1 106 26
1 107 35
1 111 10
1 112 14
1 113 7
1 117 8
1 118 25
1 119 29
1 121 49
2 1 11
2 3 41
2 5 17
2 13 38
2 14 36
2 15 50
2 20 12
2 26 33
2 27 14
2 29 9
2 30 18
2 31 21
2 39 31
2 45 48
2 47 34
2 49 41
2 50 14
2 54 11
2 56 40
2 59 50
2 60 29
2 61 3
2 62 9
2 66 3
2 69 49
2 71 29
2 72 26
2 73 8
2 75 10
2 79 32
2 82 35
2 83 30
2 84 16
2 85 12
2 87 9
2 89 29
2 93 18
2 95 18
2 96 8
2 102 43
2 104 17
2 105 18
2 106 17
2 107 12
2 111 4
2 112 41
2 113 43
2 114 10
2 117 2
2 119 26
2 121 38
2 123 43
3 2 41
3 7 31
3 11 35
3 13 16
3 15 44
3 19 8
3 20 3
3 24 5
3 25 46
3 27 36
3 31 1
3 32 4
3 33 13
3 34 14
3 35 23
3 37 43
3 38 25
3 40 22
3 41 2
3 42 48
3 43 28
3 44 10
3 45 39
3 50 10
3 55 10
3 57 44
3 59 20
3 60 38
3 61 14
3 62 26
3 65 23
3 73 31
3 74 7
3 80 46
3 81 43
3 84 1
3 85 26
3 86 18
3 87 3
3 88 1
3 89 18
3 93 23
3 96 34
3 98 40
3 99 36
3 100 33
3 103 13
3 106 4
3 111 49
3 114 9
3 118 23
4 8 8
4 9 8
4 10 1
4 11 12
4 16 23
4 19 38
4 23 2
4 24 46
4 25 19
4 26 3
4 29 18
4 30 20
4 31 7
4 38 46
4 42 18
4 43 21
4 45 26
4 49 13
4 51 20
4 52 16
4 53 22
4 55 24
4 57 8
4 58 19
4 60 47
4 61 7
4 63 21
4 66 42
4 68 9
4 72 6
4 73 31
4 74 34
4 76 50
4 79 34
4 87 27
4 90 19
4 95 42
4 97 9
4 98 14
4 99 9
4 100 47
4 103 21
4 104 28
4 105 36
4 106 14
4 111 41
4 112 32
4 115 30
4 116 20
4 117 14
4 119 5
4 121 26
4 122 35
5 2 17
5 6 41
5 7 46
5 9 27
5 10 29
5 12 45
5 13 11
5 22 33
5 26 9
5 27 5
5 28 2
5 29 17
5 30 43
5 37 22
5 41 5
5 43 5
5 46 22
5 48 13
5 49 48
5 50 10
5 53 37
5 56 39
5 57 35
5 60 10
5 61 30
5 64 13
5 66 50
5 67 34
5 68 15
5 69 27
5 71 36
5 73 43
5 77 30
5 78 49
5 81 20
5 82 2
5 84 48
5 85 17
5 87 1
5 89 23
5 90 4
5 91 35
5 93 36
5 94 43
5 96 49
5 97 21
5 99 6
5 103 19
5 105 44
5 107 18
5 109 11
5 110 25
5 111 41
5 112 25
5 114 3
5 115 7
5 116 32
5 118 40
5 120 22
5 121 13
5 122 34
5 124 17
6 5 41
6 7 26
6 11 31
6 13 13
6 16 6
6 17 49
6 18 30
6 23 43
6 24 10
6 27 46
6 28 38
6 29 5
6 30 48
6 31 6
6 32 18
6 33 4
6 34 23
6 35 32
6 36 31
6 37 3
6 39 14
6 41 45
6 43 11
6 44 50
6 45 11
6 49 40
6 58 6
6 59 30
6 60 7
6 62 10
6 64 30
6 65 13
6 67 16
6 68 24
6 69 47
6 72 37
6 73 48
6 83 38
6 84 22
6 85 11
6 87 2
6 88 32
6 89 26
6 91 16
6 95 7
6 97 35
6 100 47
6 102 15
6 103 41
6 104 6
6 106 11
6 108 44
6 109 6
6 111 15
6 112 7
6 113 7
6 116 9
6 117 35
6 119 41
6 120 29
6 121 29
6 123 18
7 1 11
7 3 31
7 5 46
7 6 26
7 8 10
7 9 30
7 16 2
7 17 38
7 20 49
7 22 48
7 23 11
7 24 29
7 28 33
7 32 29
7 33 19
7 34 31
7 35 7
7 36 22
7 37 3
7 38 37
7 40 31
7 43 5
7 44 6
7 45 36
7 46 47
7 47 7
7 50 35
7 51 33
7 54 10
7 55 36
7 57 33
7 65 49
7 66 9
7 69 26
7 70 9
7 71 26
7 74 33
7 76 13
7 77 20
7 78 1
7 79 20
7 80 24
7 82 34
7 84 26
7 85 11
7 88 21
7 89 39
7 90 5
7 91 17
7 92 45
7 93 1
7 96 14
7 105 25
7 107 40
7 110 44
7 113 11
7 114 30
7 115 30
7 118 27
7 119 11
7 121 31
7 122 3
7 123 23
8 4 8
8 7 10
8 11 42
8 12 22
8 13 17
8 14 43
8 16 1
8 17 5
8 19 43
8 20 28
8 21 46
8 23 45
8 24 29
8 25 31
8 26 28
8 27 17
8 28 45
8 29 48
8 33 50
8 35 6
8 36 49
8 37 43
8 42 49
8 43 49
8 44 21
8 45 5
8 46 37
8 48 45
8 49 29
8 51 24
8 52 26
8 53 33
8 55 26
8 57 4
8 59 49
8 60 17
8 61 8
8 64 42
8 65 3
8 66 39
8 70 42
8 71 35
8 73 9
8 75 6
8 76 21
8 78 45
8 80 47
8 81 28
8 82 8
8 83 29
8 84 25
8 85 4
8 86 36
8 87 4
8 88 4
8 91 23
8 92 4
8 93 48
8 95 32
8 96 8
8 97 5
8 100 36
8 101 36
8 102 35
8 104 40
8 106 14
8 107 36
8 108 9
8 111 42
8 112 39
8 114 21
8 115 46
8 116 9
8 117 29
8 120 38
8 121 12
8 122 22
8 124 10
9 4 8
9 5 27
9 7 30
9 10 23
9 11 16
9 14 21
9 15 17
9 24 21
9 25 37
9 28 47
9 30 23
9 31 33
9 32 28
9 33 39
9 36 8
9 38 5
9 42 37
9 46 38
9 48 45
9 52 33
9 53 2
9 54 9
9 55 19
9 56 34
9 57 16
9 59 48
9 61 1
9 62 45
9 68 40
9 71 39
9 72 30
9 73 35
9 74 21
9 75 16
9 76 27
9 77 7
9 78 12
9 81 6
9 84 38
9 88 29
9 89 45
9 90 34
9 91 24
9 95 8
9 97 19
9 99 7
9 102 36
9 104 38
9 105 42
9 110 41
9 116 42
9 119 2
9 120 48
9 123 26
10 4 1
10 5 29
10 9 23
10 12 44
10 14 7
10 15 5
10 17 41
10 19 45
10 20 9
10 21 47
10 24 36
10 25 26
10 27 1
10 28 47
10 31 1
10 32 1
10 33 43
10 34 9
10 35 32
10 39 43
10 40 21
10 41 27
10 43 7
10 46 44
10 48 4
10 49 37
10 50 31
10 56 47
10 58 35
10 59 20
10 60 24
10 61 37
10 62 4
10 64 50
10 65 7
10 66 4
10 69 36
10 71 43
10 72 44
10 73 10
10 76 10
10 79 49
10 81 9
10 85 40
10 86 8
10 87 24
10 88 18
10 90 32
10 91 13
10 92 45
10 93 21
10 99 45
10 101 9
10 103 9
10 104 26
10 106 41
10 108 47
10 112 21
10 113 32
10 115 40
10 116 15
10 117 33
10 119 47
10 120 41
10 121 34
10 122 10
10 123 16
11 3 35
11 4 12
11 6 31
11 8 42
11 9 16
11 12 27
11 17 38
11 21 3
11 23 10
11 25 8
11 26 27
11 29 35
11 30 33
11 33 28
11 34 11
11 36 20
11 40 33
11 41 31
11 43 31
11 45 38
11 47 26
11 49 24
11 50 42
11 57 34
11 59 25
11 60 34
11 63 26
11 68 12
11 69 6
11 77 38
11 80 2
11 82 26
11 83 44
11 86 44
11 88 4
11 89 15
11 91 17
11 93 37
11 94 36
11 95 25
11 97 24
11 98 40
11 101 41
11 102 16
11 103 28
11 108 48
11 113 30
11 114 5
11 116 36
11 118 5
11 119 12
11 120 44
11 123 33
12 5 45
12 8 22
12 10 44
12 11 27
12 13 46
12 16 24
12 18 17
12 20 34
12 24 33
12 25 42
12 27 35
12 28 1
12 29 3
12 31 42
12 32 25
12 33 40
12 35 17
12 37 30
12 38 25
12 40 44
12 42 9
12 43 29
12 46 41
12 52 27
12 53 46
12 54 10
12 55 41
12 56 20
12 58 8
12 61 3
12 64 13
12 66 8
12 67 15
12 69 47
12 75 4
12 76 8
12 77 13
12 78 22
12 81 10
12 82 14
12 85 6
12 86 16
12 87 27
12 88 11
12 90 1
12 91 33
12 92 47
12 94 43
12 96 34
12 97 49
12 99 19
12 104 12
12 105 47
12 106 18
12 107 25
12 108 48
12 109 40
12 110 32
12 111 46
12 116 47
13 2 38
13 3 16
13 5 11
13 6 13
13 8 17
13 12 46
13 14 23
13 15 26
13 17 7
13 18 33
13 21 40
13 22 45
13 23 1
13 25 23
13 26 20
13 27 16
13 28 7
13 30 7
13 35 35
13 36 17
13 38 3
13 40 32
13 42 25
13 44 27
13 45 30
13 46 47
13 47 43
13 49 44
13 51 45
13 52 44
13 53 1
13 54 14
13 56 8
13 59 50
13 62 29
13 63 13
13 65 45
13 66 25
13 69 48
13 71 3
13 73 18
13 74 39
13 77 12
13 80 16
13 81 1
13 83 24
13 93 11
13 94 29
13 95 19
13 99 28
13 102 18
13 103 28
13 105 19
13 106 38
13 108 19
13 109 35
13 110 49
13 117 19
13 120 11
13 121 9
13 122 40
13 123 2
14 1 37
14 2 36
14 8 43
14 9 21
14 10 7
14 13 23
14 19 10
14 20 16
14 23 10
14 24 32
14 26 33
14 27 1
14 29 42
14 31 35
14 32 39
14 33 32
14 34 30
14 36 17
14 38 10
14 39 25
14 42 1
14 43 26
14 44 35
14 45 43
14 47 23
14 48 22
14 50 16
14 51 22
14 52 45
14 56 42
14 58 19
14 60 3
14 62 43
14 63 42
14 65 36
14 68 19
14 69 9
14 72 42
14 75 44
14 77 48
14 78 39
14 79 30
14 81 18
14 82 21
14 86 33
14 87 2
14 88 17
14 91 28
14 93 38
14 96 28
14 100 18
14 102 6
14 103 15
14 105 50
14 106 35
14 107 37
14 109 21
14 110 48
14 112 40
14 113 9
14 114 31
14 116 25
14 117 39
14 121 9
14 122 14
14 123 37
14 124 22
15 1 2
15 2 50
15 3 44
15 9 17
15 10 5
15 13 26
15 16 6
15 21 4
15 24 13
15 25 19
15 29 22
15 30 28
15 33 48
15 34 13
15 37 2
15 41 23
15 42 19
15 44 46
15 45 9
15 47 1
15 50 24
15 52 49
15 54 47
15 57 42
15 58 12
15 59 23
15 61 41
15 63 3
15 65 35
15 66 42
15 71 39
15 73 21
15 80 47
15 81 42
15 83 14
15 84 2
15 87 37
15 89 24
15 91 38
15 92 19
15 96 5
15 97 40
15 99 20
15 103 16
15 105 45
15 109 6
15 116 6
16 1 44
16 4 23
16 6 6
16 7 2
16 8 1
16 12 24
16 15 6
16 19 25
16 20 4
16 21 5
16 22 28
16 23 29
16 29 23
16 31 5
16 32 18
16 33 50
16 34 32
16 35 24
16 38 4
16 40 37
16 42 49
16 44 6
16 46 5
16 48 2
16 51 40
16 55 15
16 56 14
16 57 44
16 58 48
16 60 29
16 61 50
16 65 32
16 66 15
16 67 31
16 69 24
16 70 43
16 71 12
16 76 11
16 79 8
16 81 9
16 83 1
16 84 34
16 91 10
16 92 11
16 93 2
16 96 12
16 98 27
16 99 23
16 100 2
16 101 36
16 102 26
16 103 27
16 107 29
16 109 10
16 110 14
16 111 31
16 113 48
16 115 44
16 116 14
16 118 2
16 120 1
16 121 30
16 124 34
17 1 14
17 6 49
17 7 38
17 8 5
17 10 41
17 11 38
17 13 7
17 19 17
17 20 6
17 22 18
17 23 2
17 24 38
17 29 39
17 32 46
17 33 28
17 35 24
17 36 17
17 37 13
17 38 24
17 42 16
17 44 40
17 45 26
17 46 17
17 50 14
17 52 33
17 54 44
17 55 19
17 61 33
17 62 45
17 63 22
17 65 37
17 66 31
17 70 23
17 71 35
17 75 31
17 77 23
17 78 21
17 81 36
17 83 28
17 84 42
17 85 5
17 86 47
17 87 50
17 90 28
17 92 34
17 94 39
17 95 14
17 96 19
17 97 23
17 98 5
17 99 13
17 100 14
17 101 45
17 103 10
17 106 40
17 108 15
17 109 15
17 110 5
17 111 14
17 112 5
17 114 46
17 115 11
17 116 45
17 118 8
17 120 42
17 123 47
17 124 25
18 6 30
18 12 17
18 13 33
18 20 19
18 21 10
18 22 34
18 23 45
18 30 39
18 31 18
18 35 6
18 36 7
18 38 33
18 40 22
18 43 42
18 48 22
18 51 15
18 52 27
18 53 29
18 54 45
18 56 31
18 57 14
18 59 45
18 60 12
18 63 17
18 65 33
18 67 27
18 69 31
18 70 49
18 79 49
18 82 34
18 85 42
18 88 2
18 90 36
18 93 40
18 94 11
18 98 44
18 100 37
18 106 33
18 108 39
18 109 10
18 111 35
18 112 36
18 113 20
18 114 47
18 115 5
18 118 49
18 119 16
18 120 48
18 121 14
18 122 20
18 124 22
19 1 47
19 3 8
19 4 38
19 8 43
19 10 45
19 14 10
19 16 25
19 17 17
19 20 23
19 21 49
19 22 29
19 25 37
19 26 45
19 29 47
19 30 5
19 32 1
19 33 8
19 36 48
19 37 3
19 38 23
19 39 12
19 40 9
19 41 7
19 42 29
19 44 4
19 45 22
19 46 3
19 48 17
19 50 4
19 52 19
19 53 7
19 58 22
19 63 45
19 66 45
19 67 49
19 69 35
19 70 6
19 71 20
19 72 8
19 73 40
19 74 13
19 76 3
19 77 6
19 80 45
19 81 20
19 82 47
19 83 34
19 87 16
19 88 15
19 90 49
19 96 7
19 97 39
19 99 15
19 101 4
19 104 31
19 105 19
19 108 35
19 110 9
19 112 32
19 113 45
19 117 4
19 119 50
19 121 22
19 123 31
19 124 50
20 1 17
20 2 12
20 3 3
20 7 49
20 8 28
20 10 9
20 12 34
20 14 16
20 16 4
20 17 6
20 18 19
20 19 23
20 22 45
20 25 43
20 27 3
20 30 45
20 32 38
20 35 11
20 36 14
20 38 29
20 39 28
20 43 29
20 44 12
20 45 43
20 46 17
20 48 7
20 50 12
20 54 26
20 56 20
20 60 31
20 61 15
20 64 44
20 66 43
20 67 35
20 77 49
20 81 21
20 82 40
20 84 18
20 85 22
20 86 34
20 87 25
20 88 1
20 89 23
20 91 33
20 94 18
20 95 26
20 98 25
20 99 28
20 100 42
20 104 8
20 105 2
20 106 39
20 108 23
20 109 46
20 110 14
20 111 45
20 112 46
20 122 1
20 123 3
21 1 3
21 8 46
21 10 47
21 11 3
21 13 40
21 15 4
21 16 5
21 18 10
21 19 49
21 22 36
21 28 23
21 29 33
21 31 31
21 34 41
21 38 46
21 41 16
21 43 45
21 44 1
21 46 29
21 49 17
21 53 12
21 55 39
21 56 25
21 57 9
21 60 17
21 62 15
21 69 11
21 71 47
21 72 50
21 73 44
21 75 34
21 76 15
21 79 5
21 80 15
21 83 32
21 85 10
21 89 47
21 95 22
21 103 43
21 105 37
21 106 29
21 108 28
21 109 47
21 114 29
21 115 25
21 116 33
21 119 37
21 123 11
21 124 25
22 1 20
22 5 33
22 7 48
22 13 45
22 16 28
22 17 18
22 18 34
22 19 29
22 20 45
22 21 36
22 23 5
22 27 26
22 28 11
22 29 36
22 31 20
22 33 21
22 39 26
22 40 39
22 41 8
22 42 24
22 44 8
22 45 13
22 47 42
22 50 46
22 52 16
22 57 24
22 58 44
22 59 37
22 60 14
22 65 1
22 67 41
22 70 42
22 72 28
22 73 46
22 74 4
22 75 50
22 77 12
22 78 12
22 85 34
22 86 41
22 88 12
22 92 49
22 94 10
22 95 21
22 96 15
22 98 10
22 99 21
22 101 22
22 103 8
22 106 20
22 107 36
22 109 10
22 113 38
22 116 34
22 121 15
22 122 29
22 123 19
22 124 36
23 4 2
23 6 43
23 7 11
23 8 45
23 11 10
23 13 1
23 14 10
23 16 29
23 17 2
23 18 45
23 22 5
23 24 40
23 29 14
23 31 23
23 32 22
23 36 50
23 44 20
23 51 42
23 53 34
23 55 32
23 59 38
23 60 21
23 61 47
23 63 28
23 64 13
23 66 17
23 68 4
23 69 25
23 70 20
23 75 31
23 78 21
23 79 41
23 83 25
23 85 34
23 87 40
23 88 2
23 89 16
23 91 1
23 95 38
23 96 5
23 97 34
23 99 24
23 103 27
23 105 24
23 107 2
23 112 28
23 115 22
23 116 30
23 117 16
23 124 10
24 1 22
24 3 5
24 4 46
24 6 10
24 7 29
24 8 29
24 9 21
24 10 36
24 12 33
24 14 32
24 15 13
24 17 38
24 23 40
24 26 29
24 27 27
24 28 34
24 29 21
24 30 1
24 32 13
24 34 6
24 36 12
24 38 48
24 43 4
24 47 40
24 52 33
24 55 48
24 57 46
24 58 25
24 61 27
24 64 37
24 66 9
24 67 14
24 68 22
24 69 26
24 71 11
24 72 24
24 76 35
24 77 45
24 78 29
24 79 7
24 80 35
24 83 20
24 85 40
24 87 5
24 89 37
24 91 20
24 94 43
24 95 7
24 96 21
24 99 42
24 100 29
24 101 28
24 103 44
24 104 10
24 106 35
24 110 13
24 111 26
24 113 8
24 114 22
24 115 4
24 118 6
24 121 36
25 3 46
25 4 19
25 8 31
25 9 37
25 10 26
25 11 8
25 12 42
25 13 23
25 15 19
25 19 37
25 20 43
25 26 6
25 28 41
25 29 44
25 30 14
25 33 31
25 35 18
25 36 31
25 38 47
25 40 17
25 41 44
25 44 44
25 45 17
25 47 43
25 51 10
25 53 32
25 57 41
25 58 23
25 59 9
25 61 2
25 63 45
25 66 13
25 68 12
25 69 45
25 71 9
25 72 37
25 73 6
25 74 7
25 78 21
25 80 41
25 82 10
25 83 37
25 84 30
25 86 42
25 88 10
25 96 23
25 98 11
25 99 11
25 100 25
25 102 34
25 104 37
25 105 27
25 106 7
25 108 47
25 110 42
25 111 2
25 112 14
25 113 4
25 114 13
25 116 31
25 118 4
25 122 49
25 124 46
26 1 10
26 2 33
26 4 3
26 5 9
26 8 28
26 11 27
26 13 20
26 14 33
26 19 45
26 24 29
26 25 6
26 27 10
26 31 40
26 32 42
26 34 8
26 35 3
26 36 18
26 37 48
26 39 46
26 40 8
26 41 14
26 43 46
26 45 26
26 46 28
26 47 39
26 49 38
26 52 22
26 56 44
26 57 15
26 58 16
26 59 48
26 61 15
26 65 19
26 66 16
26 70 16
26 71 3
26 73 45
26 74 23
26 75 10
26 77 37
26 79 17
26 82 11
26 85 42
26 86 31
26 87 49
26 89 45
26 91 49
26 92 25
26 93 43
26 94 44
26 96 23
26 98 14
26 100 42
26 102 22
26 103 2
26 107 42
26 109 31
26 111 8
26 112 39
26 113 11
26 115 43
26 118 3
26 120 50
26 122 19
26 124 28
27 1 24
27 2 14
27 3 36
27 5 5
27 6 46
27 8 17
27 10 1
27 12 35
27 13 16
27 14 1
27 20 3
27 22 26
27 24 27
27 26 10
27 29 19
27 31 13
27 32 38
27 33 2
27 35 11
27 36 46
27 38 30
27 39 28
27 41 33
27 42 38
27 45 15
27 46 7
27 52 35
27 53 45
27 54 6
27 55 50
27 56 7
27 57 42
27 58 23
27 59 36
27 60 10
27 61 23
27 62 46
27 63 24
27 65 48
27 68 39
27 72 6
27 73 39
27 74 1
27 75 18
27 80 26
27 82 17
27 83 13
27 85 32
27 86 24
27 87 5
27 89 45
27 90 35
27 92 23
27 96 32
27 99 5
27 101 18
27 102 11
27 103 26
27 104 38
27 105 44
27 107 29
27 109 15
27 111 15
27 112 44
27 114 6
27 119 6
27 121 8
28 1 50
28 5 2
28 6 38
28 7 33
28 8 45
28 9 47
28 10 47
28 12 1
28 13 7
28 21 23
28 22 11
28 24 34
28 25 41
28 30 38
28 31 14
28 32 47
28 33 23
28 34 7
28 36 23
28 38 19
28 39 41
28 43 15
28 45 7
28 48 16
28 49 32
28 51 41
28 53 30
28 58 22
28 60 46
28 68 21
28 69 47
28 70 18
28 72 15
28 73 7
28 77 50
28 79 44
28 80 9
28 84 27
28 85 45
28 86 49
28 87 19
28 88 2
28 97 11
28 98 26
28 99 37
28 100 35
28 102 3
28 103 22
28 106 43
28 107 25
28 108 10
28 109 41
28 112 35
28 113 6
28 115 10
28 116 29
28 118 39
28 121 23
28 122 30
28 124 17
29 1 2
29 2 9
29 4 18
29 5 17
29 6 5
29 8 48
29 11 35
29 12 3
29 14 42
29 15 22
29 16 23
29 17 39
29 19 47
29 21 33
29 22 36
29 23 14
29 24 21
29 25 44
29 27 19
29 30 36
29 31 23
29 32 10
29 33 8
29 36 45
29 38 11
29 39 21
29 40 18
29 42 36
29 43 49
29 45 15
29 46 46
29 49 5
29 52 34
29 56 20
29 58 18
29 63 5
29 65 10
29 66 29
29 67 7
29 68 20
29 69 31
29 70 28
29 75 50
29 79 13
29 80 21
29 81 39
29 83 23
29 84 17
29 85 2
29 87 49
29 88 11
29 90 3
29 91 40
29 92 2
29 95 4
29 97 12
29 101 43
29 102 23
29 103 28
29 104 36
29 107 33
29 108 5
29 114 8
29 115 47
29 117 25
29 118 2
29 121 43
29 122 49
29 124 40
30 1 18
30 2 18
30 4 20
30 5 43
30 6 48
30 9 23
30 11 33
30 13 7
30 15 28
30 18 39
30 19 5
30 20 45
30 24 1
30 25 14
30 28 38
30 29 36
30 31 37
30 32 47
30 34 19
30 35 29
30 36 43
30 37 12
30 38 26
30 42 13
30 44 30
30 45 43
30 47 5
30 48 4
30 50 19
30 51 11
30 52 36
30 54 23
30 55 16
30 58 5
30 60 42
30 68 14
30 71 14
30 77 43
30 78 4
30 84 4
30 86 45
30 93 40
30 94 30
30 97 43
30 99 36
30 100 20
30 101 50
30 103 48
30 105 49
30 107 46
30 108 15
30 109 10
30 111 14
30 112 14
30 113 25
30 115 17
30 116 43
30 118 21
30 121 43
30 122 30
30 124 29
31 2 21
31 3 1
31 4 7
31 6 6
31 9 33
31 10 1
31 12 42
31 14 35
31 16 5
31 18 18
31 21 31
31 22 20
31 23 23
31 26 40
31 27 13
31 28 14
31 29 23
31 30 37
31 32 23
31 34 18
31 35 30
31 36 36
31 38 17
31 41 7
31 43 5
31 45 46
31 46 44
31 47 20
31 48 49
31 50 26
31 51 50
31 52 39
31 56 38
31 58 2
31 59 37
31 67 30
31 73 3
31 74 4
31 75 41
31 77 28
31 79 1
31 87 43
31 88 10
31 90 36
31 91 49
31 92 16
31 95 37
31 97 46
31 98 45
31 101 48
31 102 28
31 103 21
31 104 50
31 107 47
31 108 38
31 110 26
31 113 18
31 114 27
31 115 24
31 118 45
31 121 41
31 122 35
31 124 20
32 3 4
32 6 18
32 7 29
32 9 28
32 10 1
32 12 25
32 14 39
32 16 18
32 17 46
32 19 1
32 20 38
32 23 22
32 24 13
32 26 42
32 27 38
32 28 47
32 29 10
32 30 47
32 31 23
32 34 42
32 35 25
32 37 48
32 40 41
32 43 41
32 49 13
32 51 20
32 52 15
32 53 35
32 56 14
32 57 16
32 58 9
32 59 4
32 61 15
32 62 48
32 63 14
32 65 42
32 66 6
32 70 39
32 72 9
32 74 40
32 76 28
32 78 11
32 79 26
32 80 2
32 82 14
32 83 24
32 85 3
32 87 46
32 91 21
32 99 5
32 100 34
32 101 9
32 105 17
32 106 21
32 109 32
32 113 50
32 116 37
32 118 46
32 120 40
32 122 23
32 123 1
33 3 13
33 6 4
33 7 19
33 8 50
33 9 39
33 10 43
33 11 28
33 12 40
33 14 32
33 15 48
33 16 50
33 17 28
33 19 8
33 22 21
33 25 31
33 27 2
33 28 23
33 29 8
33 34 38
33 38 8
33 39 1
33 43 25
33 44 32
33 46 38
33 49 41
33 50 48
33 51 34
33 52 10
33 53 21
33 54 30
33 55 19
33 56 23
33 58 37
33 60 10
33 61 34
33 62 47
33 65 41
33 67 33
33 68 29
33 71 17
33 73 25
33 74 18
33 75 32
33 76 31
33 78 48
33 80 28
33 85 22
33 89 4
33 90 16
33 94 13
33 95 14
33 96 7
33 99 22
33 106 27
33 107 13
33 111 32
33 113 25
33 114 31
33 116 29
33 118 45
33 120 35
33 124 34
34 1 7
34 3 14
34 6 23
34 7 31
34 10 9
34 11 11
34 14 30
34 15 13
34 16 32
34 21 41
34 24 6
34 26 8
34 28 7
34 30 19
34 31 18
34 32 42
34 33 38
34 36 12
34 37 13
34 38 2
34 39 21
34 42 12
34 43 37
34 45 12
34 48 18
34 51 35
34 52 48
34 54 10
34 55 8
34 56 34
34 57 11
34 58 28
34 59 47
34 60 2
34 66 41
34 69 46
34 72 14
34 73 18
34 74 28
34 77 22
34 78 25
34 80 21
34 82 16
34 83 11
34 86 16
34 88 50
34 89 50
34 94 13
34 99 20
34 100 36
34 101 23
34 103 24
34 104 26
34 105 25
34 108 10
34 109 8
34 112 43
34 113 24
34 114 22
34 116 35
34 117 33
34 118 17
34 120 40
34 121 36
34 122 34
35 1 33
35 3 23
35 6 32
35 7 7
35 8 6
35 10 32
35 12 17
35 13 35
35 16 24
35 17 24
35 18 6
35 20 11
35 25 18
35 26 3
35 27 11
35 30 29
35 31 30
35 32 25
35 38 32
35 40 28
35 41 33
35 42 2
35 43 31
35 44 11
35 48 12
35 49 32
35 51 49
35 52 12
35 53 33
35 56 48
35 57 45
35 60 34
35 62 39
35 65 41
35 71 36
35 72 10
35 73 33
35 74 15
35 75 6
35 82 7
35 83 28
35 87 48
35 88 47
35 91 40
35 94 41
35 95 41
35 97 9
35 98 44
35 103 9
35 104 1
35 105 48
35 110 6
35 112 12
35 113 2
35 114 12
35 116 1
35 117 7
35 119 8
35 120 35
35 121 26
35 122 22
35 123 37
36 6 31
36 7 22
36 8 49
36 9 8
36 11 20
36 13 17
36 14 17
36 17 17
36 18 7
36 19 48
36 20 14
36 23 50
36 24 12
36 25 31
36 26 18
36 27 46
36 28 23
36 29 45
36 30 43
36 31 36
36 34 12
36 38 29
36 41 37
36 42 46
36 43 26
36 44 48
36 45 17
36 46 32
36 47 32
36 48 3
36 49 28
36 53 48
36 54 44
36 57 4
36 59 38
36 65 40
36 66 15
36 67 1
36 68 38
36 69 25
36 70 36
36 71 28
36 72 31
36 76 4
36 77 42
36 78 8
36 79 48
36 80 47
36 81 3
36 82 47
36 84 25
36 85 23
36 89 5
36 90 8
36 92 4
36 94 12
36 95 28
36 96 17
36 99 10
36 100 15
36 101 19
36 103 27
36 105 49
36 106 49
36 107 49
36 108 40
36 111 30
36 113 24
36 116 42
36 117 4
36 119 15
36 122 7
37 1 42
37 3 43
37 5 22
37 6 3
37 7 3
37 8 43
37 12 30
37 15 2
37 17 13
37 19 3
37 26 48
37 30 12
37 32 48
37 34 13
37 38 26
37 39 40
37 41 32
37 43 7
37 44 12
37 45 22
37 48 12
37 51 14
37 52 18
37 55 37
37 56 18
37 59 13
37 64 34
37 68 14
37 69 29
37 70 32
37 71 36
37 72 39
37 74 27
37 78 16
37 79 35
37 80 7
37 82 19
37 86 46
37 91 3
37 93 36
37 95 2
37 96 30
37 97 18
37 98 14
37 99 33
37 102 19
37 103 19
37 105 37
37 106 12
37 108 43
37 111 1
37 113 14
37 116 47
37 117 15
37 118 35
37 119 39
37 123 41
38 3 25
38 4 46
38 7 37
38 9 5
38 12 25
38 13 3
38 14 10
38 16 4
38 17 24
38 18 33
38 19 23
38 20 29
38 21 46
38 24 48
38 25 47
38 27 30
38 28 19
38 29 11
38 30 26
38 31 17
38 33 8
38 34 2
38 35 32
38 36 29
38 37 26
38 41 22
38 42 1
38 46 10
38 48 47
38 49 14
38 52 28
38 53 21
38 54 46
38 58 48
38 59 37
38 60 4
38 61 8
38 62 14
38 65 42
38 67 49
38 71 21
38 73 36
38 74 19
38 77 8
38 79 18
38 82 15
38 83 30
38 88 1
38 89 2
38 91 20
38 92 40
38 94 41
38 96 31
38 97 38
38 99 48
38 103 26
38 104 1
38 106 8
38 107 18
38 108 10
38 109 33
38 115 8
38 116 4
38 117 7
38 119 28
38 122 5
38 123 45
38 124 39
39 2 31
39 6 14
39 10 43
39 14 25
39 19 12
39 20 28
39 22 26
39 26 46
39 27 28
39 28 41
39 29 21
39 33 1
39 34 21
39 37 40
39 41 2
39 47 7
39 48 10
39 49 16
39 56 39
39 59 14
39 60 39
39 61 9
39 65 29
39 68 23
39 69 49
39 70 28
39 71 3
39 72 11
39 74 31
39 75 40
39 76 8
39 77 36
39 83 27
39 87 30
39 88 26
39 89 2
39 90 35
39 91 22
39 92 41
39 94 9
39 95 29
39 97 15
39 100 15
39 103 11
39 104 8
39 106 49
39 107 44
39 108 22
39 109 41
39 113 15
39 117 16
39 118 38
39 121 36
39 122 33
39 124 27
40 1 20
40 3 22
40 7 31
40 10 21
40 11 33
40 12 44
40 13 32
40 16 37
40 18 22
40 19 9
40 22 39
40 25 17
40 26 8
40 29 18
40 32 41
40 35 28
40 42 44
40 44 8
40 46 43
40 47 4
40 48 42
40 50 17
40 52 19
40 56 38
40 58 10
40 61 39
40 64 10
40 68 44
40 69 6
40 70 5
40 71 30
40 72 27
40 73 12
40 74 22
40 75 45
40 77 47
40 78 12
40 87 33
40 89 40
40 90 30
40 93 31
40 95 5
40 98 22
40 102 11
40 105 24
40 106 29
40 107 26
40 111 30
40 112 30
40 115 25
40 116 22
40 119 37
40 120 22
40 121 17
40 123 34
40 124 14
41 1 8
41 3 2
41 5 5
41 6 45
41 10 27
41 11 31
41 15 23
41 19 7
41 21 16
41 22 8
41 25 44
41 26 14
41 27 33
41 31 7
41 35 33
41 36 37
41 37 32
41 38 22
41 39 2
41 42 8
41 45 47
41 46 41
41 47 13
41 48 21
41 50 25
41 51 46
41 56 42
41 57 48
41 58 13
41 62 11
41 66 14
41 70 5
41 71 46
41 74 20
41 76 3
41 77 32
41 78 34
41 79 35
41 82 21
41 83 2
41 84 17
41 86 18
41 90 23
41 91 30
41 92 37
41 93 17
41 96 20
41 102 8
41 105 9
41 111 40
41 114 8
41 115 44
41 116 40
41 118 18
41 119 33
41 122 11
41 123 43
42 3 48
42 4 18
42 8 49
42 9 37
42 12 9
42 13 25
42 14 1
42 15 19
42 16 49
42 17 16
42 19 29
42 22 24
42 27 38
42 29 36
42 30 13
42 34 12
42 35 2
42 36 46
42 38 1
42 40 44
42 41 8
42 43 17
42 44 35
42 45 49
42 47 17
42 49 27
42 52 16
42 55 32
42 57 44
42 58 18
42 63 6
42 64 4
42 67 4
42 68 43
42 69 4
42 70 36
42 72 4
42 74 2
42 76 36
42 77 18
42 78 24
42 79 8
42 81 40
42 84 42
42 87 11
42 88 50
42 92 21
42 93 16
42 94 30
42 95 26
42 97 2
42 98 49
42 100 27
42 103 50
42 105 41
42 106 2
42 107 49
42 109 29
42 110 23
42 111 40
42 115 25
42 117 19
42 118 29
42 119 47
42 124 25
43 3 28
43 4 21
43 5 5
43 6 11
43 7 5
43 8 49
43 10 7
43 11 31
43 12 29
43 14 26
43 18 42
43 20 29
43 21 45
43 24 4
43 26 46
43 28 15
43 29 49
43 31 5
43 32 41
43 33 25
43 34 37
43 35 31
43 36 26
43 37 7
43 42 17
43 45 18
43 46 21
43 47 41
43 48 10
43 49 24
43 50 47
43 53 50
43 55 21
43 56 37
43 57 19
43 58 28
43 59 26
43 67 15
43 73 12
43 74 9
43 76 25
43 77 22
43 80 10
43 82 29
43 84 44
43 85 48
43 87 16
43 88 40
43 89 5
43 90 50
43 91 29
43 92 6
43 95 22
43 99 38
43 101 26
43 107 6
43 108 33
43 114 33
43 116 28
43 118 19
43 119 25
43 120 50
43 122 12
44 3 10
44 6 50
44 7 6
44 8 21
44 13 27
44 14 35
44 15 46
44 16 6
44 17 40
44 19 4
44 20 12
44 21 1
44 22 8
44 23 20
44 25 44
44 30 30
44 33 32
44 35 11
44 36 48
44 37 12
44 40 8
44 42 35
44 46 26
44 47 8
44 49 30
44 51 46
44 56 40
44 60 27
44 61 34
44 64 32
44 69 5
44 73 15
44 75 8
44 81 41
44 82 20
44 83 9
44 84 3
44 85 8
44 87 37
44 88 47
44 89 25
44 90 12
44 91 38
44 94 14
44 96 40
44 97 20
44 98 32
44 100 24
44 101 26
44 102 49
44 103 29
44 106 42
44 107 42
44 110 17
44 111 31
44 112 14
44 113 19
44 114 3
44 116 46
44 122 6
44 123 40
44 124 46
45 2 48
45 3 39
45 4 26
45 6 11
45 7 36
45 8 5
45 11 38
45 13 30
45 14 43
45 15 9
45 17 26
45 19 22
45 20 43
45 22 13
45 25 17
45 26 26
45 27 15
45 28 7
45 29 15
45 30 43
45 31 46
45 34 12
45 36 17
45 37 22
45 41 47
45 42 49
45 43 18
45 46 42
45 49 15
45 50 49
45 51 14
45 52 17
45 53 34
45 55 31
45 59 47
45 60 39
45 63 3
45 64 48
45 66 50
45 68 7
45 69 17
45 76 49
45 77 2
45 78 31
45 79 38
45 82 40
45 86 43
45 87 27
45 88 21
45 89 24
45 90 1
45 92 5
45 93 21
45 96 1
45 97 50
45 98 9
45 101 20
45 102 31
45 104 6
45 106 18
45 107 25
45 109 16
45 110 41
45 114 16
45 115 12
45 117 36
45 121 50
45 122 30
45 123 33
45 124 40
46 1 42
46 5 22
46 7 47
46 8 37
46 9 38
46 10 44
46 12 41
46 13 47
46 16 5
46 17 17
46 19 3
46 20 17
46 21 29
46 26 28
46 27 7
46 29 46
46 31 44
46 33 38
46 36 32
46 38 10
46 40 43
46 41 41
46 43 21
46 44 26
46 45 42
46 47 36
46 51 24
46 52 12
46 53 11
46 54 26
46 57 45
46 58 31
46 59 48
46 60 32
46 63 36
46 65 37
46 70 28
46 74 34
46 77 36
46 78 20
46 80 49
46 81 28
46 82 25
46 85 29
46 86 8
46 87 48
46 88 16
46 91 46
46 92 13
46 96 13
46 97 35
46 98 5
46 100 1
46 101 41
46 102 25
46 105 46
46 107 31
46 108 15
46 109 4
46 110 21
46 112 44
46 115 14
46 117 43
46 118 38
46 120 40
46 121 16
46 123 3
46 124 23
47 1 4
47 2 34
47 7 7
47 11 26
47 13 43
47 14 23
47 15 1
47 22 42
47 24 40
47 25 43
47 26 39
47 30 5
47 31 20
47 36 32
47 39 7
47 40 4
47 41 13
47 42 17
47 43 41
47 44 8
47 46 36
47 49 28
47 50 38
47 51 19
47 55 43
47 58 22
47 59 10
47 63 27
47 65 40
47 68 46
47 70 31
47 71 40
47 72 30
47 75 1
47 78 40
47 81 42
47 82 14
47 83 12
47 87 27
47 89 10
47 94 9
47 97 35
47 99 7
47 100 46
47 101 39
47 102 8
47 104 38
47 106 2
47 108 49
47 109 3
47 110 29
47 112 2
47 115 34
47 117 21
47 118 12
47 119 45
47 124 50
48 5 13
48 8 45
48 9 45
48 10 4
48 14 22
48 16 2
48 18 22
48 19 17
48 20 7
48 28 16
48 30 4
48 31 49
48 34 18
48 35 12
48 36 3
48 37 12
48 38 47
48 39 10
48 40 42
48 41 21
48 43 10
48 50 44
48 51 44
48 53 40
48 56 45
48 59 22
48 60 35
48 61 40
48 62 13
48 64 4
48 68 43
48 71 12
48 72 31
48 73 11
48 76 49
48 77 21
48 79 13
48 80 46
48 81 22
48 83 10
48 85 36
48 88 19
48 90 20
48 92 42
48 93 8
48 94 22
48 95 7
48 97 19
48 98 39
48 101 45
48 103 31
48 106 36
48 107 33
48 109 38
48 111 46
48 113 44
48 115 22
48 116 20
48 117 25
48 118 21
48 121 40
48 122 25
49 2 41
49 4 13
49 5 48
49 6 40
49 8 29
49 10 37
49 11 24
49 13 44
49 21 17
49 26 38
49 28 32
49 29 5
49 32 13
49 33 41
49 35 32
49 36 28
49 38 14
49 39 16
49 42 27
49 43 24
49 44 30
49 45 15
49 47 28
49 50 1
49 53 16
49 54 39
49 55 30
49 57 8
49 58 40
49 60 21
49 63 50
49 64 7
49 65 43
49 66 45
49 67 24
49 68 35
49 69 14
49 70 3
49 73 41
49 74 8
49 77 8
49 78 26
49 79 21
49 81 43
49 83 41
49 85 20
49 86 14
49 89 22
49 90 23
49 91 27
49 93 41
49 95 8
49 96 41
49 97 42
49 98 1
49 104 23
49 105 36
49 108 18
49 109 25
49 110 45
49 112 43
49 113 24
49 114 7
49 115 47
49 118 21
49 120 14
49 121 3
49 123 19
49 124 48
50 1 38
50 2 14
50 3 10
50 5 10
50 7 35
50 10 31
50 11 42
50 14 16
50 15 24
50 17 14
50 19 4
50 20 12
50 22 46
50 30 19
50 31 26
50 33 48
50 40 17
50 41 25
50 43 47
50 45 49
50 47 38
50 48 44
50 49 1
50 51 15
50 52 30
50 53 13
50 54 49
50 55 27
50 57 33
50 58 44
50 59 30
50 60 9
50 61 37
50 66 5
50 70 39
50 72 10
50 76 43
50 77 31
50 82 33
50 86 8
50 87 25
50 89 21
50 90 16
50 92 31
50 93 20
50 94 37
50 97 24
50 98 19
50 99 15
50 100 49
50 101 30
50 103 6
50 104 31
50 105 39
50 106 3
50 117 20
50 118 14
50 120 35
50 121 20
50 122 15
50 123 27
51 4 20
51 7 33
51 8 24
51 13 45
51 14 22
51 16 40
51 18 15
51 23 42
51 25 10
51 28 41
51 30 11
51 31 50
51 32 20
51 33 34
51 34 35
51 35 49
51 37 14
51 41 46
51 44 46
51 45 14
51 46 24
51 47 19
51 48 44
51 50 15
51 52 13
51 53 1
51 54 41
51 55 39
51 56 36
51 58 15
51 59 35
51 61 11
51 65 16
51 69 26
51 71 6
51 72 2
51 77 41
51 78 30
51 80 6
51 81 19
51 82 8
51 85 30
51 88 2
51 90 49
51 92 48
51 95 12
51 97 1
51 101 26
51 106 14
51 107 19
51 109 26
51 112 47
51 114 14
51 116 32
51 117 34
51 118 49
51 119 14
51 121 37
52 4 16
52 8 26
52 9 33
52 12 27
52 13 44
52 14 45
52 15 49
52 17 33
52 18 27
52 19 19
52 22 16
52 24 33
52 26 22
52 27 35
52 29 34
52 30 36
52 31 39
52 32 15
52 33 10
52 34 48
52 35 12
52 37 18
52 38 28
52 40 19
52 42 16
52 45 17
52 46 12
52 50 30
52 51 13
52 54 42
52 55 17
52 59 18
52 67 2
52 69 35
52 71 14
52 72 39
52 74 33
52 75 21
52 77 6
52 79 12
52 80 20
52 85 18
52 86 21
52 89 41
52 91 29
52 92 35
52 93 39
52 95 46
52 96 42
52 98 19
52 99 26
52 100 49
52 102 24
52 105 24
52 111 32
52 112 14
52 113 19
52 115 26
52 116 42
52 118 8
52 119 5
52 122 24
53 1 28
53 4 22
53 5 37
53 8 33
53 9 2
53 12 46
53 13 1
53 18 29
53 19 7
53 21 12
53 23 34
53 25 32
53 27 45
53 28 30
53 32 35
53 33 21
53 35 33
53 36 48
53 38 21
53 43 50
53 45 34
53 46 11
53 48 40
53 49 16
53 50 13
53 51 1
53 56 47
53 57 4
53 58 33
53 60 30
53 61 23
53 62 17
53 67 22
53 71 14
53 73 44
53 77 40
53 78 43
53 79 10
53 81 35
53 83 37
53 87 11
53 90 37
53 91 37
53 93 8
53 94 24
53 95 9
53 97 5
53 100 22
53 103 3
53 104 37
53 106 16
53 108 33
53 109 23
53 110 40
53 112 40
53 113 16
53 120 36
53 122 31
54 2 11
54 7 10
54 9 9
54 12 10
54 13 14
54 15 47
54 17 44
54 18 45
54 20 26
54 27 6
54 30 23
54 33 30
54 34 10
54 36 44
54 38 46
54 46 26
54 49 39
54 50 49
54 51 41
54 52 42
54 55 28
54 56 43
54 57 17
54 58 42
54 60 28
54 61 49
54 65 20
54 67 32
54 68 23
54 69 1
54 70 1
54 72 23
54 74 50
54 76 13
54 77 43
54 78 43
54 80 31
54 81 12
54 82 47
54 83 18
54 84 3
54 87 2
54 88 20
54 91 45
54 92 15
54 97 36
54 99 24
54 100 23
54 101 7
54 104 42
54 105 13
54 108 1
54 109 36
54 111 29
54 112 41
54 113 4
54 114 12
54 116 31
54 119 9
54 122 14
54 124 11
55 1 29
55 3 10
55 4 24
55 7 36
55 8 26
55 9 19
55 12 41
55 16 15
55 17 19
55 21 39
55 23 32
55 24 48
55 27 50
55 30 16
55 33 19
55 34 8
55 37 37
55 42 32
55 43 21
55 45 31
55 47 43
55 49 30
55 50 27
55 51 39
55 52 17
55 54 28
55 56 33
55 57 3
55 59 32
55 60 33
55 61 1
55 62 38
55 63 49
55 67 33
55 69 45
55 70 23
55 74 50
55 76 21
55 77 47
55 78 43
55 84 28
55 85 18
55 86 32
55 89 6
55 90 23
55 91 33
55 93 26
55 94 10
55 96 40
55 97 30
55 98 9
55 99 12
55 102 35
55 105 4
55 107 42
55 108 45
55 114 38
55 116 50
55 118 44
55 121 14
55 123 45
55 124 11
56 2 40
56 5 39
56 9 34
56 10 47
56 12 20
56 13 8
56 14 42
56 16 14
56 18 31
56 20 20
56 21 25
56 26 44
56 27 7
56 29 20
56 31 38
56 32 14
56 33 23
56 34 34
56 35 48
56 37 18
56 39 39
56 40 38
56 41 42
56 43 37
56 44 40
56 48 45
56 51 36
56 53 47
56 54 43
56 55 33
56 61 29
56 62 43
56 65 11
56 66 5
56 68 8
56 69 45
56 70 16
56 72 43
56 74 32
56 75 20
56 78 16
56 79 41
56 81 15
56 83 8
56 87 10
56 88 36
56 90 26
56 91 5
56 95 8
56 96 18
56 99 43
56 102 19
56 106 27
56 107 4
56 108 29
56 112 39
56 115 48
56 119 14
56 120 30
56 123 35
57 1 2
57 3 44
57 4 8
57 5 35
57 7 33
57 8 4
57 9 16
57 11 34
57 15 42
57 16 44
57 18 14
57 21 9
57 22 24
57 24 46
57 25 41
57 26 15
57 27 42
57 32 16
57 34 11
57 35 45
57 36 4
57 41 48
57 42 44
57 43 19
57 46 45
57 49 8
57 50 33
57 53 4
57 54 17
57 55 3
57 58 5
57 59 7
57 62 46
57 67 26
57 68 26
57 70 34
57 71 42
57 76 32
57 77 26
57 78 29
57 79 45
57 83 32
57 84 23
57 85 43
57 90 48
57 95 26
57 97 30
57 98 30
57 103 47
57 104 15
57 106 19
57 109 33
57 111 44
57 112 46
57 113 21
57 114 47
57 116 4
57 117 13
57 118 48
57 124 44
58 4 19
58 6 6
58 10 35
58 12 8
58 14 19
58 15 12
58 16 48
58 19 22
58 22 44
58 24 25
58 25 23
58 26 16
58 27 23
58 28 22
58 29 18
58 30 5
58 31 2
58 32 9
58 33 37
58 34 28
58 38 48
58 40 10
58 41 13
58 42 18
58 43 28
58 46 31
58 47 22
58 49 40
58 50 44
58 51 15
58 53 33
58 54 42
58 57 5
58 60 1
58 65 26
58 66 22
58 68 22
58 69 33
58 70 32
58 72 32
58 74 30
58 76 37
58 77 25
58 78 12
58 79 29
58 80 18
58 81 47
58 82 43
58 83 29
58 85 14
58 88 30
58 89 8
58 91 10
58 93 46
58 94 8
58 95 32
58 101 2
58 102 20
58 103 18
58 105 17
58 107 49
58 114 34
58 116 46
58 117 10
58 120 2
58 121 35
58 122 32
58 124 47
59 2 50
59 3 20
59 6 30
59 8 49
59 9 48
59 10 20
59 11 25
59 13 50
59 15 23
59 18 45
59 22 37
59 23 38
59 25 9
59 26 48
59 27 36
59 31 37
59 32 4
59 34 47
59 36 38
59 37 13
59 38 37
59 39 14
59 43 26
59 45 47
59 46 48
59 47 10
59 48 22
59 50 30
59 51 35
59 52 18
59 55 32
59 57 7
59 60 27
59 62 39
59 64 38
59 66 31
59 67 18
59 70 8
59 71 34
59 73 49
59 74 11
59 76 49
59 77 4
59 78 46
59 80 45
59 81 25
59 84 8
59 86 48
59 88 48
59 89 41
59 91 33
59 92 22
59 94 38
59 95 43
59 98 29
59 101 30
59 103 17
59 104 10
59 105 37
59 106 31
59 108 20
59 109 7
59 111 13
59 113 36
59 114 31
59 115 10
59 116 23
59 119 38
59 124 49
60 2 29
60 3 38
60 4 47
60 5 10
60 6 7
60 8 17
60 10 24
60 11 34
60 14 3
60 16 29
60 18 12
60 20 31
60 21 17
60 22 14
60 23 21
60 27 10
60 28 46
60 30 42
60 33 10
60 34 2
60 35 34
60 38 4
60 39 39
60 44 27
60 45 39
60 46 32
60 48 35
60 49 21
60 50 9
60 53 30
60 54 28
60 55 33
60 58 1
60 59 27
60 61 4
60 62 40
60 63 44
60 67 33
60 70 23
60 71 48
60 72 45
60 73 17
60 74 7
60 77 42
60 81 32
60 82 36
60 83 4
60 84 25
60 86 17
60 88 44
60 89 31
60 90 15
60 91 42
60 93 9
60 96 20
60 101 38
60 103 23
60 104 46
60 105 46
60 106 11
60 107 7
60 111 44
60 113 21
60 115 6
60 117 10
60 118 40
60 119 11
60 122 44
60 124 45
61 2 3
61 3 14
61 4 7
61 5 30
61 8 8
61 9 1
61 10 37
61 12 3
61 15 41
61 16 50
61 17 33
61 20 15
61 23 47
61 24 27
61 25 2
61 26 15
61 27 23
61 32 15
61 33 34
61 38 8
61 39 9
61 40 39
61 44 34
61 48 40
61 50 37
61 51 11
61 53 23
61 54 49
61 55 1
61 56 29
61 60 4
61 63 40
61 66 22
61 67 41
61 68 40
61 69 7
61 70 1
61 71 26
61 72 19
61 73 5
61 74 47
61 78 40
61 80 11
61 82 45
61 89 18
61 92 44
61 93 23
61 94 36
61 97 36
61 99 20
61 100 15
61 110 26
61 112 27
61 113 45
61 116 45
61 117 23
61 119 48
61 121 20
61 122 28
61 123 39
61 124 6
62 2 9
62 3 26
62 6 10
62 9 45
62 10 4
62 13 29
62 14 43
62 17 45
62 21 15
62 27 46
62 32 48
62 33 47
62 35 39
62 38 14
62 41 11
62 48 13
62 53 17
62 55 38
62 56 43
62 57 46
62 59 39
62 60 40
62 63 29
62 66 10
62 72 5
62 74 5
62 75 44
62 78 47
62 79 50
62 82 19
62 86 34
62 89 35
62 90 32
62 91 28
62 92 50
62 94 12
62 95 43
62 96 18
62 99 36
62 102 17
62 104 35
62 110 37
62 111 15
62 112 16
62 117 39
62 120 4
62 121 11
63 4 21
63 11 26
63 13 13
63 14 42
63 15 3
63 17 22
63 18 17
63 19 45
63 23 28
63 25 45
63 27 24
63 29 5
63 32 14
63 42 6
63 45 3
63 46 36
63 47 27
63 49 50
63 55 49
63 60 44
63 61 40
63 62 29
63 68 35
63 70 49
63 73 19
63 75 43
63 77 41
63 78 43
63 79 22
63 80 36
63 82 48
63 85 30
63 88 11
63 89 43
63 90 29
63 97 24
63 98 4
63 102 47
63 106 47
63 108 41
63 110 47
63 113 15
63 117 36
63 119 26
63 121 33
63 123 37
63 124 6
64 1 23
64 5 13
64 6 30
64 8 42
64 10 50
64 12 13
64 20 44
64 23 13
64 24 37
64 37 34
64 40 10
64 42 4
64 44 32
64 45 48
64 48 4
64 49 7
64 59 38
64 67 2
64 70 22
64 71 8
64 72 40
64 74 4
64 77 22
64 78 38
64 79 25
64 81 22
64 86 7
64 87 48
64 88 9
64 89 49
64 90 3
64 91 34
64 92 36
64 93 30
64 94 44
64 95 46
64 96 10
64 97 44
64 98 11
64 99 39
64 101 38
64 103 33
64 107 28
64 109 22
64 110 13
64 112 29
64 113 14
64 116 46
64 117 49
64 118 12
64 119 9
64 120 37
64 121 10
64 122 48
64 123 12
65 3 23
65 6 13
65 7 49
65 8 3
65 10 7
65 13 45
65 14 36
65 15 35
65 16 32
65 17 37
65 18 33
65 22 1
65 26 19
65 27 48
65 29 10
65 32 42
65 33 41
65 35 41
65 36 40
65 38 42
65 39 29
65 46 37
65 47 40
65 49 43
65 51 16
65 54 20
65 56 11
65 58 26
65 66 5
65 69 15
65 71 48
65 75 37
65 76 19
65 80 45
65 81 16
65 83 28
65 87 49
65 88 21
65 90 9
65 91 16
65 93 33
65 96 9
65 97 38
65 98 1
65 99 42
65 102 46
65 103 10
65 106 14
65 109 36
65 111 36
65 114 34
65 116 16
65 119 11
65 120 7
65 122 30
66 2 3
66 4 42
66 5 50
66 7 9
66 8 39
66 10 4
66 12 8
66 13 25
66 15 42
66 16 15
66 17 31
66 19 45
66 20 43
66 23 17
66 24 9
66 25 13
66 26 16
66 29 29
66 32 6
66 34 41
66 36 15
66 41 14
66 45 50
66 49 45
66 50 5
66 56 5
66 58 22
66 59 31
66 61 22
66 62 10
66 65 5
66 67 15
66 71 26
66 75 8
66 78 47
66 79 40
66 80 34
66 82 26
66 83 44
66 87 3
66 89 15
66 92 18
66 94 44
66 96 19
66 98 24
66 99 26
66 100 14
66 101 39
66 102 21
66 103 7
66 105 1
66 106 12
66 107 7
66 110 10
66 113 26
66 116 29
66 118 34
66 121 36
66 122 43
67 1 4
67 5 34
67 6 16
67 12 15
67 16 31
67 18 27
67 19 49
67 20 35
67 22 41
67 24 14
67 29 7
67 31 30
67 33 33
67 36 1
67 38 49
67 42 4
67 43 15
67 49 24
67 52 2
67 53 22
67 54 32
67 55 33
67 57 26
67 59 18
67 60 33
67 61 41
67 64 2
67 66 15
67 68 9
67 69 34
67 73 29
67 74 13
67 76 14
67 77 28
67 78 46
67 80 10
67 81 30
67 82 39
67 84 25
67 87 3
67 88 11
67 89 6
67 90 15
67 93 47
67 96 34
67 97 23
67 98 1
67 100 21
67 101 33
67 103 27
67 104 18
67 107 31
67 110 49
67 111 29
67 112 39
67 114 49
67 115 15
67 116 1
67 118 2
67 119 39
67 120 41
67 122 20
67 124 18
68 4 9
68 5 15
68 6 24
68 9 40
68 11 12
68 14 19
68 23 4
68 24 22
68 25 12
68 27 39
68 28 21
68 29 20
68 30 14
68 33 29
68 36 38
68 37 14
68 39 23
68 40 44
68 42 43
68 45 7
68 47 46
68 48 43
68 49 35
68 54 23
68 56 8
68 57 26
68 58 22
68 61 40
68 63 35
68 67 9
68 70 4
68 72 45
68 75 15
68 76 46
68 78 33
68 83 19
68 84 1
68 88 24
68 89 50
68 90 20
68 91 11
68 92 45
68 97 1
68 101 38
68 102 3
68 105 19
68 107 42
68 108 21
68 109 7
68 112 9
68 113 15
68 114 39
68 117 4
68 121 28
68 122 15
69 2 49
69 5 27
69 6 47
69 7 26
69 10 36
69 11 6
69 12 47
69 13 48
69 14 9
69 16 24
69 18 31
69 19 35
69 21 11
69 23 25
69 24 26
69 25 45
69 28 47
69 29 31
69 34 46
69 36 25
69 37 29
69 39 49
69 40 6
69 42 4
69 44 5
69 45 17
69 49 14
69 51 26
69 52 35
69 54 1
69 55 45
69 56 45
69 58 33
69 61 7
69 65 15
69 67 34
69 72 33
69 74 17
69 76 49
69 82 33
69 83 5
69 84 29
69 85 32
69 86 49
69 87 6
69 90 19
69 91 11
69 96 40
69 97 34
69 98 29
69 99 32
69 101 7
69 102 39
69 103 21
69 104 40
69 106 40
69 107 25
69 108 46
69 109 22
69 114 33
69 115 46
69 118 33
69 121 32
69 122 17
69 123 45
70 1 31
70 7 9
70 8 42
70 16 43
70 17 23
70 18 49
70 19 6
70 22 42
70 23 20
70 26 16
70 28 18
70 29 28
70 32 39
70 36 36
70 37 32
70 39 28
70 40 5
70 41 5
70 42 36
70 46 28
70 47 31
70 49 3
70 50 39
70 54 1
70 55 23
70 56 16
70 57 34
70 58 32
70 59 8
70 60 23
70 61 1
70 63 49
70 64 22
70 68 4
70 74 45
70 77 27
70 79 23
70 81 22
70 82 30
70 87 19
70 89 1
70 92 26
70 94 1
70 95 29
70 96 50
70 98 3
70 101 29
70 104 33
70 107 18
70 109 23
70 110 14
70 111 28
70 112 15
70 115 24
70 119 46
70 120 4
70 121 47
70 123 8
71 2 29
71 5 36
71 7 26
71 8 35
71 9 39
71 10 43
71 13 3
71 15 39
71 16 12
71 17 35
71 19 20
71 21 47
71 24 11
71 25 9
71 26 3
71 30 14
71 33 17
71 35 36
71 36 28
71 37 36
71 38 21
71 39 3
71 40 30
71 41 46
71 47 40
71 48 12
71 51 6
71 52 14
71 53 14
71 57 42
71 59 34
71 60 48
71 61 26
71 64 8
71 65 48
71 66 26
71 74 2
71 76 33
71 80 14
71 82 11
71 83 1
71 85 39
71 86 27
71 89 47
71 92 36
71 94 37
71 96 12
71 98 14
71 99 1
71 100 50
71 101 9
71 103 46
71 104 1
71 105 5
71 110 11
71 111 3
71 112 39
71 116 23
71 117 17
71 118 30
71 119 50
71 120 8
71 122 20
71 123 33
71 124 23
72 2 26
72 4 6
72 6 37
72 9 30
72 10 44
72 14 42
72 19 8
72 21 50
72 22 28
72 24 24
72 25 37
72 27 6
72 28 15
72 32 9
72 34 14
72 35 10
72 36 31
72 37 39
72 39 11
72 40 27
72 42 4
72 47 30
72 48 31
72 50 10
72 51 2
72 52 39
72 54 23
72 56 43
72 58 32
72 60 45
72 61 19
72 62 5
72 64 40
72 68 45
72 69 33
72 74 46
72 75 42
72 78 10
72 80 48
72 81 1
72 83 31
72 86 24
72 87 37
72 88 1
72 89 25
72 90 33
72 91 30
72 93 49
72 94 25
72 95 37
72 96 6
72 100 6
72 101 5
72 105 14
72 111 50
72 116 6
72 119 5
72 120 28
73 2 8
73 3 31
73 4 31
73 5 43
73 6 48
73 8 9
73 9 35
73 10 10
73 13 18
73 15 21
73 19 40
73 21 44
73 22 46
73 25 6
73 26 45
73 27 39
73 28 7
73 31 3
73 33 25
73 34 18
73 35 33
73 38 36
73 40 12
73 43 12
73 44 15
73 48 11
73 49 41
73 53 44
73 59 49
73 60 17
73 61 5
73 63 19
73 67 29
73 74 26
73 75 13
73 76 4
73 78 29
73 79 14
73 82 24
73 86 50
73 87 16
73 88 34
73 89 13
73 91 39
73 95 45
73 97 22
73 98 14
73 99 22
73 100 32
73 102 36
73 103 7
73 105 2
73 108 20
73 110 33
73 114 23
73 115 41
73 116 35
73 117 50
73 120 12
73 121 10
73 123 18
74 1 19
74 3 7
74 4 34
74 7 33
74 9 21
74 13 39
74 19 13
74 22 4
74 25 7
74 26 23
74 27 1
74 31 4
74 32 40
74 33 18
74 34 28
74 35 15
74 37 27
74 38 19
74 39 31
74 40 22
74 41 20
74 42 2
74 43 9
74 46 34
74 49 8
74 52 33
74 54 50
74 55 50
74 56 32
74 58 30
74 59 11
74 60 7
74 61 47
74 62 5
74 64 4
74 67 13
74 69 17
74 70 45
74 71 2
74 72 46
74 73 26
74 75 46
74 78 5
74 79 7
74 81 27
74 85 20
74 86 2
74 87 4
74 89 19
74 91 15
74 94 14
74 95 21
74 96 40
74 97 43
74 98 15
74 101 33
74 102 35
74 103 22
74 106 17
74 108 30
74 110 26
74 113 32
74 114 38
74 115 27
74 116 4
74 121 6
74 124 16
75 2 10
75 8 6
75 9 16
75 12 4
75 14 44
75 17 31
75 21 34
75 22 50
75 23 31
75 26 10
75 27 18
75 29 50
75 31 41
75 33 32
75 35 6
75 39 40
75 40 45
75 44 8
75 47 1
75 52 21
75 56 20
75 62 44
75 63 43
75 65 37
75 66 8
75 68 15
75 72 42
75 73 13
75 74 46
75 79 27
75 80 15
75 82 39
75 83 46
75 84 16
75 85 7
75 86 22
75 87 12
75 90 48
75 91 31
75 92 50
75 93 16
75 95 4
75 96 27
75 97 13
75 102 19
75 104 3
75 107 21
75 109 22
75 110 27
75 112 19
75 114 31
75 115 32
75 119 48
75 123 40
75 124 34
76 1 47
76 4 50
76 7 13
76 8 21
76 9 27
76 10 10
76 12 8
76 16 11
76 19 3
76 21 15
76 24 35
76 32 28
76 33 31
76 36 4
76 39 8
76 41 3
76 42 36
76 43 25
76 45 49
76 48 49
76 50 43
76 54 13
76 55 21
76 57 32
76 58 37
76 59 49
76 65 19
76 67 14
76 68 46
76 69 49
76 71 33
76 73 4
76 80 50
76 82 43
76 85 11
76 86 44
76 90 40
76 91 22
76 92 11
76 93 43
76 97 33
76 101 21
76 102 25
76 106 24
76 108 16
76 110 4
76 111 33
76 114 47
76 115 28
76 116 32
76 118 28
76 120 42
76 124 18
77 5 30
77 7 20
77 9 7
77 11 38
77 12 13
77 13 12
77 14 48
77 17 23
77 19 6
77 20 49
77 22 12
77 24 45
77 26 37
77 28 50
77 30 43
77 31 28
77 34 22
77 36 42
77 38 8
77 39 36
77 40 47
77 41 32
77 42 18
77 43 22
77 45 2
77 46 36
77 48 21
77 49 8
77 50 31
77 51 41
77 52 6
77 53 40
77 54 43
77 55 47
77 57 26
77 58 25
77 59 4
77 60 42
77 63 41
77 64 22
77 67 28
77 70 27
77 78 3
77 81 34
77 82 4
77 84 2
77 88 46
77 91 48
77 92 16
77 93 42
77 94 15
77 96 16
77 99 18
77 102 13
77 103 39
77 104 49
77 106 36
77 108 34
77 109 34
77 111 44
77 114 50
77 115 37
77 118 17
77 121 33
77 122 11
77 124 49
78 1 25
78 5 49
78 7 1
78 8 45
78 9 12
78 12 22
78 14 39
78 17 21
78 22 12
78 23 21
78 24 29
78 25 21
78 30 4
78 32 11
78 33 48
78 34 25
78 36 8
78 37 16
78 40 12
78 41 34
78 42 24
78 45 31
78 46 20
78 47 40
78 49 26
78 51 30
78 53 43
78 54 43
78 55 43
78 56 16
78 57 29
78 58 12
78 59 46
78 61 40
78 62 47
78 63 43
78 64 38
78 66 47
78 67 46
78 68 33
78 72 10
78 73 29
78 74 5
78 77 3
78 79 16
78 80 43
78 81 2
78 84 32
78 85 21
78 87 40
78 88 41
78 89 41
78 90 43
78 92 2
78 94 40
78 96 37
78 98 32
78 104 34
78 105 11
78 106 17
78 108 2
78 109 29
78 113 10
78 115 39
78 116 23
78 122 41
78 124 36
79 2 32
79 4 34
79 7 20
79 10 49
79 14 30
79 16 8
79 18 49
79 21 5
79 23 41
79 24 7
79 26 17
79 28 44
79 29 13
79 31 1
79 32 26
79 36 48
79 37 35
79 38 18
79 41 35
79 42 8
79 45 38
79 48 13
79 49 21
79 52 12
79 53 10
79 56 41
79 57 45
79 58 29
79 62 50
79 63 22
79 64 25
79 66 40
79 70 23
79 73 14
79 74 7
79 75 27
79 78 16
79 80 44
79 82 12
79 83 14
79 87 18
79 88 6
79 90 8
79 92 21
79 96 25
79 97 42
79 98 36
79 100 25
79 101 6
79 105 15
79 108 8
79 110 40
79 111 4
79 112 23
79 114 22
79 116 33
79 117 18
79 118 6
79 121 36
79 122 3
79 123 45
79 124 27
80 3 46
80 7 24
80 8 47
80 11 2
80 13 16
80 15 47
80 19 45
80 21 15
80 24 35
80 25 41
80 27 26
80 28 9
80 29 21
80 32 2
80 33 28
80 34 21
80 36 47
80 37 7
80 43 10
80 46 49
80 48 46
80 51 6
80 52 20
80 54 31
80 58 18
80 59 45
80 61 11
80 63 36
80 65 45
80 66 34
80 67 10
80 71 14
80 72 48
80 75 15
80 76 50
80 78 43
80 79 44
80 81 42
80 82 21
80 85 45
80 87 17
80 88 27
80 90 11
80 93 46
80 95 37
80 96 14
80 99 5
80 100 41
80 101 25
80 102 29
80 105 28
80 111 15
80 114 30
80 116 46
80 118 32
80 119 24
80 120 38
80 121 36
80 123 36
80 124 37
81 3 43
81 5 20
81 8 28
81 9 6
81 10 9
81 12 10
81 13 1
81 14 18
81 15 42
81 16 9
81 17 36
81 19 20
81 20 21
81 29 39
81 36 3
81 42 40
81 44 41
81 46 28
81 47 42
81 48 22
81 49 43
81 51 19
81 53 35
81 54 12
81 56 15
81 58 47
81 59 25
81 60 32
81 64 22
81 65 16
81 67 30
81 70 22
81 72 1
81 74 27
81 77 34
81 78 2
81 80 42
81 82 36
81 84 46
81 85 41
81 86 49
81 88 33
81 89 36
81 90 35
81 92 42
81 94 33
81 96 4
81 99 16
81 101 46
81 102 1
81 103 8
81 107 24
81 108 41
81 109 37
81 110 23
81 111 2
81 112 24
81 116 24
81 118 32
81 121 21
81 123 39
82 2 35
82 5 2
82 7 34
82 8 8
82 11 26
82 12 14
82 14 21
82 18 34
82 19 47
82 20 40
82 25 10
82 26 11
82 27 17
82 32 14
82 34 16
82 35 7
82 36 47
82 37 19
82 38 15
82 41 21
82 43 29
82 44 20
82 45 40
82 46 25
82 47 14
82 50 33
82 51 8
82 54 47
82 58 43
82 60 36
82 61 45
82 62 19
82 63 48
82 66 26
82 67 39
82 69 33
82 70 30
82 71 11
82 73 24
82 75 39
82 76 43
82 77 4
82 79 12
82 80 21
82 81 36
82 84 42
82 85 29
82 86 5
82 89 20
82 90 12
82 92 39
82 96 4
82 99 5
82 100 29
82 103 13
82 105 9
82 106 6
82 107 30
82 108 18
82 109 15
82 111 26
82 115 40
82 116 29
82 117 48
82 120 46
82 121 16
82 122 32
82 124 49
83 1 16
83 2 30
83 6 38
83 8 29
83 11 44
83 13 24
83 15 14
83 16 1
83 17 28
83 19 34
83 21 32
83 23 25
83 24 20
83 25 37
83 27 13
83 29 23
83 32 24
83 34 11
83 35 28
83 38 30
83 39 27
83 41 2
83 44 9
83 47 12
83 48 10
83 49 41
83 53 37
83 54 18
83 56 8
83 57 32
83 58 29
83 60 4
83 65 28
83 66 44
83 68 19
83 69 5
83 71 1
83 72 31
83 75 46
83 79 14
83 86 50
83 87 39
83 92 1
83 94 39
83 95 4
83 96 17
83 101 26
83 102 1
83 103 28
83 105 24
83 107 43
83 111 40
83 116 40
83 117 16
83 121 46
84 1 1
84 2 16
84 3 1
84 5 48
84 6 22
84 7 26
84 8 25
84 9 38
84 15 2
84 16 34
84 17 42
84 20 18
84 25 30
84 28 27
84 29 17
84 30 4
84 36 25
84 41 17
84 42 42
84 43 44
84 44 3
84 54 3
84 55 28
84 57 23
84 59 8
84 60 25
84 67 25
84 68 1
84 69 29
84 75 16
84 77 2
84 78 32
84 81 46
84 82 42
84 85 44
84 87 29
84 88 23
84 90 40
84 91 30
84 92 23
84 94 49
84 95 15
84 96 50
84 97 28
84 98 30
84 99 13
84 101 26
84 102 10
84 106 29
84 107 39
84 109 7
84 110 7
84 111 1
84 113 3
84 117 20
85 1 39
85 2 12
85 3 26
85 5 17
85 6 11
85 7 11
85 8 4
85 10 40
85 12 6
85 17 5
85 18 42
85 20 22
85 21 10
85 22 34
85 23 34
85 24 40
85 26 42
85 27 32
85 28 45
85 29 2
85 32 3
85 33 22
85 36 23
85 43 48
85 44 8
85 46 29
85 48 36
85 49 20
85 51 30
85 52 18
85 55 18
85 57 43
85 58 14
85 63 30
85 69 32
85 71 39
85 74 20
85 75 7
85 76 11
85 78 21
85 80 45
85 81 41
85 82 29
85 84 44
85 87 19
85 92 16
85 94 28
85 97 38
85 99 35
85 100 41
85 103 14
85 105 47
85 110 44
85 111 44
85 114 1
85 115 39
85 117 19
85 120 23
85 121 15
85 122 35
86 1 36
86 3 18
86 8 36
86 10 8
86 11 44
86 12 16
86 14 33
86 17 47
86 20 34
86 22 41
86 25 42
86 26 31
86 27 24
86 28 49
86 30 45
86 34 16
86 37 46
86 41 18
86 45 43
86 46 8
86 49 14
86 50 8
86 52 21
86 55 32
86 59 48
86 60 17
86 62 34
86 64 7
86 69 49
86 71 27
86 72 24
86 73 50
86 74 2
86 75 22
86 76 44
86 81 49
86 82 5
86 83 50
86 87 11
86 88 1
86 90 50
86 91 47
86 92 42
86 93 28
86 94 29
86 96 18
86 97 11
86 98 17
86 100 8
86 105 21
86 109 20
86 110 1
86 111 39
86 112 25
86 113 39
86 117 21
86 121 15
86 123 6
87 2 9
87 3 3
87 4 27
87 5 1
87 6 2
87 8 4
87 10 24
87 12 27
87 14 2
87 15 37
87 17 50
87 19 16
87 20 25
87 23 40
87 24 5
87 26 49
87 27 5
87 28 19
87 29 49
87 31 43
87 32 46
87 35 48
87 39 30
87 40 33
87 42 11
87 43 16
87 44 37
87 45 27
87 46 48
87 47 27
87 50 25
87 53 11
87 54 2
87 56 10
87 64 48
87 65 49
87 66 3
87 67 3
87 69 6
87 70 19
87 72 37
87 73 16
87 74 4
87 75 12
87 78 40
87 79 18
87 80 17
87 83 39
87 84 29
87 85 19
87 86 11
87 88 34
87 89 43
87 90 30
87 91 49
87 93 41
87 95 3
87 99 23
87 100 31
87 101 29
87 102 21
87 110 43
87 112 38
87 113 15
87 114 15
87 118 8
87 122 19
88 3 1
88 6 32
88 7 21
88 8 4
88 9 29
88 10 18
88 11 4
88 12 11
88 14 17
88 18 2
88 19 15
88 20 1
88 22 12
88 23 2
88 25 10
88 28 2
88 29 11
88 31 10
88 34 50
88 35 47
88 38 1
88 39 26
88 42 50
88 43 40
88 44 47
88 45 21
88 46 16
88 48 19
88 51 2
88 54 20
88 56 36
88 58 30
88 59 48
88 60 44
88 63 11
88 64 9
88 65 21
88 67 11
88 68 24
88 72 1
88 73 34
88 77 46
88 78 41
88 79 6
88 80 27
88 81 33
88 84 23
88 86 1
88 87 34
88 90 49
88 96 24
88 97 20
88 98 30
88 100 21
88 102 3
88 104 8
88 107 17
88 108 46
88 111 43
88 112 39
88 113 10
88 116 16
88 117 2
88 118 44
88 119 21
88 121 16
88 122 48
88 123 26
88 124 6
89 2 29
89 3 18
89 5 23
89 6 26
89 7 39
89 9 45
89 11 15
89 15 24
89 20 23
89 21 47
89 23 16
89 24 37
89 26 45
89 27 45
89 33 4
89 34 50
89 36 5
89 38 2
89 39 2
89 40 40
89 43 5
89 44 25
89 45 24
89 47 10
89 49 22
89 50 21
89 52 41
89 55 6
89 58 8
89 59 41
89 60 31
89 61 18
89 62 35
89 63 43
89 64 49
89 66 15
89 67 6
89 68 50
89 70 1
89 71 47
89 72 25
89 73 13
89 74 19
89 78 41
89 81 36
89 82 20
89 87 43
89 93 46
89 94 46
89 95 12
89 96 21
89 98 21
89 99 19
89 100 3
89 101 19
89 103 38
89 104 33
89 105 10
89 106 29
89 107 27
89 108 40
89 109 10
89 112 46
89 113 30
89 114 24
89 116 6
89 118 40
89 121 30
89 122 20
89 124 1
90 4 19
90 5 4
90 7 5
90 9 34
90 10 32
90 12 1
90 17 28
90 18 36
90 19 49
90 27 35
90 29 3
90 31 36
90 33 16
90 36 8
90 39 35
90 40 30
90 41 23
90 43 50
90 44 12
90 45 1
90 48 20
90 49 23
90 50 16
90 51 49
90 53 37
90 55 23
90 56 26
90 57 48
90 60 15
90 62 32
90 63 29
90 64 3
90 65 9
90 67 15
90 68 20
90 69 19
90 72 33
90 75 48
90 76 40
90 78 43
90 79 8
90 80 11
90 81 35
90 82 12
90 84 40
90 86 50
90 87 30
90 88 49
90 92 46
90 95 39
90 96 2
90 97 6
90 98 49
90 99 36
90 100 9
90 101 14
90 102 40
90 105 13
90 106 26
90 107 13
90 108 7
90 109 26
90 113 47
90 116 46
90 117 9
90 120 23
90 121 37
90 122 34
90 124 19
91 5 35
91 6 16
91 7 17
91 8 23
91 9 24
91 10 13
91 11 17
91 12 33
91 14 28
91 15 38
91 16 10
91 20 33
91 23 1
91 24 20
91 26 49
91 29 40
91 31 49
91 32 21
91 35 40
91 37 3
91 38 20
91 39 22
91 41 30
91 43 29
91 44 38
91 46 46
91 49 27
91 52 29
91 53 37
91 54 45
91 55 33
91 56 5
91 58 10
91 59 33
91 60 42
91 62 28
91 64 34
91 65 16
91 68 11
91 69 11
91 72 30
91 73 39
91 74 15
91 75 31
91 76 22
91 77 48
91 84 30
91 86 47
91 87 49
91 92 17
91 93 45
91 97 8
91 98 4
91 99 44
91 101 11
91 102 33
91 103 30
91 104 23
91 105 48
91 107 5
91 108 32
91 110 45
91 112 4
91 115 8
91 116 29
91 118 1
91 119 34
91 120 19
91 123 15
91 124 4
92 7 45
92 8 4
92 10 45
92 12 47
92 15 19
92 16 11
92 17 34
92 22 49
92 26 25
92 27 23
92 29 2
92 31 16
92 36 4
92 38 40
92 39 41
92 41 37
92 42 21
92 43 6
92 45 5
92 46 13
92 48 42
92 50 31
92 51 48
92 52 35
92 54 15
92 59 22
92 61 44
92 62 50
92 64 36
92 66 18
92 68 45
92 70 26
92 71 36
92 75 50
92 76 11
92 77 16
92 78 2
92 79 21
92 81 42
92 82 39
92 83 1
92 84 23
92 85 16
92 86 42
92 90 46
92 91 17
92 97 27
92 99 23
92 106 39
92 108 3
92 110 28
92 113 18
92 115 18
92 117 2
92 119 24
92 124 26
93 1 24
93 2 18
93 3 23
93 5 36
93 7 1
93 8 48
93 10 21
93 11 37
93 13 11
93 14 38
93 16 2
93 18 40
93 26 43
93 30 40
93 37 36
93 40 31
93 41 17
93 42 16
93 45 21
93 48 8
93 49 41
93 50 20
93 52 39
93 53 8
93 55 26
93 58 46
93 60 9
93 61 23
93 64 30
93 65 33
93 67 47
93 72 49
93 75 16
93 76 43
93 77 42
93 80 46
93 86 28
93 87 41
93 89 46
93 91 45
93 97 25
93 101 16
93 103 25
93 107 42
93 110 41
93 111 26
93 113 28
93 115 40
93 118 39
93 119 17
93 121 42
93 122 41
93 124 14
94 5 43
94 11 36
94 12 43
94 13 29
94 17 39
94 18 11
94 20 18
94 22 10
94 24 43
94 26 44
94 30 30
94 33 13
94 34 13
94 35 41
94 36 12
94 38 41
94 39 9
94 42 30
94 44 14
94 47 9
94 48 22
94 50 37
94 53 24
94 55 10
94 58 8
94 59 38
94 61 36
94 62 12
94 64 44
94 66 44
94 70 1
94 71 37
94 72 25
94 74 14
94 77 15
94 78 40
94 81 33
94 83 39
94 84 49
94 85 28
94 86 29
94 89 46
94 96 2
94 99 40
94 103 4
94 106 20
94 107 22
94 109 50
94 111 13
94 112 38
94 113 9
94 114 8
94 116 26
94 117 11
94 118 1
94 119 11
94 120 21
95 1 18
95 2 18
95 4 42
95 6 7
95 8 32
95 9 8
95 11 25
95 13 19
95 17 14
95 20 26
95 21 22
95 22 21
95 23 38
95 24 7
95 29 4
95 31 37
95 33 14
95 35 41
95 36 28
95 37 2
95 39 29
95 40 5
95 42 26
95 43 22
95 48 7
95 49 8
95 51 12
95 52 46
95 53 9
95 56 8
95 57 26
95 58 32
95 59 43
95 62 43
95 64 46
95 70 29
95 72 37
95 73 45
95 74 21
95 75 4
95 80 37
95 83 4
95 84 15
95 87 3
95 89 12
95 90 39
95 99 44
95 102 4
95 104 3
95 111 41
95 114 9
95 115 2
95 116 42
95 117 44
95 124 1
96 1 17
96 2 8
96 3 34
96 5 49
96 7 14
96 8 8
96 12 34
96 14 28
96 15 5
96 16 12
96 17 19
96 19 7
96 22 15
96 23 5
96 24 21
96 25 23
96 26 23
96 27 32
96 33 7
96 36 17
96 37 30
96 38 31
96 41 20
96 44 40
96 45 1
96 46 13
96 49 41
96 52 42
96 55 40
96 56 18
96 60 20
96 62 18
96 64 10
96 65 9
96 66 19
96 67 34
96 69 40
96 70 50
96 71 12
96 72 6
96 74 40
96 75 27
96 77 16
96 78 37
96 79 25
96 80 14
96 81 4
96 82 4
96 83 17
96 84 50
96 86 18
96 88 24
96 89 21
96 90 2
96 94 2
96 98 26
96 100 24
96 104 37
96 107 25
96 108 19
96 112 42
96 113 41
96 114 21
96 119 24
96 123 29
97 4 9
97 5 21
97 6 35
97 8 5
97 9 19
97 11 24
97 12 49
97 15 40
97 17 23
97 19 39
97 23 34
97 28 11
97 29 12
97 30 43
97 31 46
97 35 9
97 37 18
97 38 38
97 39 15
97 42 2
97 44 20
97 45 50
97 46 35
97 47 35
97 48 19
97 49 42
97 50 24
97 51 1
97 53 5
97 54 36
97 55 30
97 57 30
97 61 36
97 63 24
97 64 44
97 65 38
97 67 23
97 68 1
97 69 34
97 73 22
97 74 43
97 75 13
97 76 33
97 79 42
97 84 28
97 85 38
97 86 11
97 88 20
97 90 6
97 91 8
97 92 27
97 93 25
97 98 20
97 99 12
97 100 5
97 101 27
97 102 31
97 104 33
97 109 45
97 110 3
97 111 19
97 112 21
97 114 13
97 115 12
97 116 28
97 120 41
97 121 34
98 1 1
98 3 40
98 4 14
98 11 40
98 16 27
98 17 5
98 18 44
98 20 25
98 22 10
98 25 11
98 26 14
98 28 26
98 31 45
98 35 44
98 37 14
98 40 22
98 42 49
98 44 32
98 45 9
98 46 5
98 48 39
98 49 1
98 50 19
98 52 19
98 55 9
98 57 30
98 59 29
98 63 4
98 64 11
98 65 1
98 66 24
98 67 1
98 69 29
98 70 3
98 71 14
98 73 14
98 74 15
98 78 32
98 79 36
98 84 30
98 86 17
98 88 30
98 89 21
98 90 49
98 91 4
98 96 26
98 97 20
98 99 39
98 102 46
98 103 15
98 104 37
98 105 36
98 107 33
98 111 8
98 112 17
98 113 2
98 114 47
98 115 6
98 116 6
98 119 26
98 120 5
98 122 37
98 123 5
98 124 29
99 1 15
99 3 36
99 4 9
99 5 6
99 9 7
99 10 45
99 12 19
99 13 28
99 15 20
99 16 23
99 17 13
99 19 15
99 20 28
99 22 21
99 23 24
99 24 42
99 25 11
99 27 5
99 28 37
99 30 36
99 32 5
99 33 22
99 34 20
99 36 10
99 37 33
99 38 48
99 43 38
99 47 7
99 50 15
99 52 26
99 54 24
99 55 12
99 56 43
99 61 20
99 62 36
99 64 39
99 65 42
99 66 26
99 69 32
99 71 1
99 73 22
99 77 18
99 80 5
99 81 16
99 82 5
99 84 13
99 85 35
99 87 23
99 89 19
99 90 36
99 91 44
99 92 23
99 94 40
99 95 44
99 97 12
99 98 39
99 100 16
99 101 4
99 105 7
99 106 37
99 107 17
99 110 30
99 111 24
99 115 6
99 120 4
99 121 18
99 124 34
100 1 19
100 3 33
100 4 47
100 6 47
100 8 36
100 14 18
100 16 2
100 17 14
100 18 37
100 20 42
100 24 29
100 25 25
100 26 42
100 28 35
100 30 20
100 32 34
100 34 36
100 36 15
100 39 15
100 42 27
100 44 24
100 46 1
100 47 46
100 50 49
100 52 49
100 53 22
100 54 23
100 61 15
100 66 14
100 67 21
100 71 50
100 72 6
100 73 32
100 79 25
100 80 41
100 82 29
100 85 41
100 86 8
100 87 31
100 88 21
100 89 3
100 90 9
100 96 24
100 97 5
100 99 16
100 101 38
100 102 26
100 103 5
100 105 46
100 106 37
100 107 30
100 110 46
100 112 14
100 113 32
100 114 40
100 115 14
100 116 11
100 117 39
100 120 50
100 121 38
100 123 36
101 1 27
101 8 36
101 10 9
101 11 41
101 16 36
101 17 45
101 19 4
101 22 22
101 24 28
101 27 18
101 29 43
101 30 50
101 31 48
101 32 9
101 34 23
101 36 19
101 43 26
101 44 26
101 45 20
101 46 41
101 47 39
101 48 45
101 50 30
101 51 26
101 54 7
101 58 2
101 59 30
101 60 38
101 64 38
101 66 39
101 67 33
101 68 38
101 69 7
101 70 29
101 71 9
101 72 5
101 74 33
101 76 21
101 79 6
101 80 25
101 81 46
101 83 26
101 84 26
101 87 29
101 89 19
101 90 14
101 91 11
101 93 16
101 97 27
101 99 4
101 100 38
101 102 6
101 106 26
101 107 39
101 108 38
101 112 36
101 114 20
101 115 3
101 117 2
101 118 10
101 119 3
101 120 33
101 121 35
101 122 18
101 123 28
102 2 43
102 6 15
102 8 35
102 9 36
102 11 16
102 13 18
102 14 6
102 16 26
102 25 34
102 26 22
102 27 11
102 28 3
102 29 23
102 31 28
102 37 19
102 40 11
102 41 8
102 44 49
102 45 31
102 46 25
102 47 8
102 52 24
102 55 35
102 56 19
102 58 20
102 62 17
102 63 47
102 65 46
102 66 21
102 68 3
102 69 39
102 73 36
102 74 35
102 75 19
102 76 25
102 77 13
102 80 29
102 81 1
102 83 1
102 84 10
102 87 21
102 88 3
102 90 40
102 91 33
102 95 4
102 97 31
102 98 46
102 100 26
102 101 6
102 108 34
102 112 8
102 113 39
102 114 16
102 115 2
102 117 30
102 118 15
102 121 29
102 123 43
103 3 13
103 4 21
103 5 19
103 6 41
103 10 9
103 11 28
103 13 28
103 14 15
103 15 16
103 16 27
103 17 10
103 21 43
103 22 8
103 23 27
103 24 44
103 26 2
103 27 26
103 28 22
103 29 28
103 30 48
103 31 21
103 34 24
103 35 9
103 36 27
103 37 19
103 38 26
103 39 11
103 42 50
103 44 29
103 48 31
103 50 6
103 53 3
103 57 47
103 58 18
103 59 17
103 60 23
103 64 33
103 65 10
103 66 7
103 67 27
103 69 21
103 71 46
103 73 7
103 74 22
103 77 39
103 81 8
103 82 13
103 83 28
103 85 14
103 89 38
103 91 30
103 93 25
103 94 4
103 98 15
103 100 5
103 106 24
103 109 36
103 111 48
103 116 32
103 117 11
103 120 42
103 122 30
103 123 31
103 124 3
104 2 17
104 4 28
104 6 6
104 8 40
104 9 38
104 10 26
104 12 12
104 19 31
104 20 8
104 24 10
104 25 37
104 27 38
104 29 36
104 31 50
104 34 26
104 35 1
104 38 1
104 39 8
104 45 6
104 47 38
104 49 23
104 50 31
104 53 37
104 54 42
104 57 15
104 59 10
104 60 46
104 62 35
104 67 18
104 69 40
104 70 33
104 71 1
104 75 3
104 77 49
104 78 34
104 88 8
104 89 33
104 91 23
104 95 3
104 96 37
104 97 33
104 98 37
104 105 12
104 108 28
104 109 41
104 112 44
104 113 39
104 117 17
104 122 35
104 123 42
105 1 17
105 2 18
105 4 36
105 5 44
105 7 25
105 9 42
105 12 47
105 13 19
105 14 50
105 15 45
105 19 19
105 20 2
105 21 37
105 23 24
105 25 27
105 27 44
105 30 49
105 32 17
105 34 25
105 35 48
105 36 49
105 37 37
105 40 24
105 41 9
105 42 41
105 46 46
105 49 36
105 50 39
105 52 24
105 54 13
105 55 4
105 58 17
105 59 37
105 60 46
105 66 1
105 68 19
105 71 5
105 72 14
105 73 2
105 78 11
105 79 15
105 80 28
105 82 9
105 83 24
105 85 47
105 86 21
105 89 10
105 90 13
105 91 48
105 98 36
105 99 7
105 100 46
105 104 12
105 106 47
105 108 20
105 110 4
105 111 28
105 112 15
105 113 26
105 114 13
105 115 15
105 117 22
105 119 38
105 120 10
105 121 48
106 1 26
106 2 17
106 3 4
106 4 14
106 6 11
106 8 14
106 10 41
106 12 18
106 13 38
106 14 35
106 17 40
106 18 33
106 20 39
106 21 29
106 22 20
106 24 35
106 25 7
106 28 43
106 32 21
106 33 27
106 36 49
106 37 12
106 38 8
106 39 49
106 40 29
106 42 2
106 44 42
106 45 18
106 47 2
106 48 36
106 50 3
106 51 14
106 53 16
106 56 27
106 57 19
106 59 31
106 60 11
106 63 47
106 65 14
106 66 12
106 69 40
106 74 17
106 76 24
106 77 36
106 78 17
106 82 6
106 84 29
106 89 29
106 90 26
106 92 39
106 94 20
106 99 37
106 100 37
106 101 26
106 103 24
106 105 47
106 108 45
106 110 45
106 111 37
106 112 18
106 113 15
106 114 32
106 115 21
106 118 9
106 121 33
106 122 40
106 124 44
107 1 35
107 2 12
107 5 18
107 7 40
107 8 36
107 12 25
107 14 37
107 16 29
107 22 36
107 23 2
107 26 42
107 27 29
107 28 25
107 29 33
107 30 46
107 31 47
107 33 13
107 36 49
107 38 18
107 39 44
107 40 26
107 42 49
107 43 6
107 44 42
107 45 25
107 46 31
107 48 33
107 51 19
107 55 42
107 56 4
107 58 49
107 60 7
107 64 28
107 66 7
107 67 31
107 68 42
107 69 25
107 70 18
107 75 21
107 81 24
107 82 30
107 83 43
107 84 39
107 88 17
107 89 27
107 90 13
107 91 5
107 93 42
107 94 22
107 96 25
107 98 33
107 99 17
107 100 30
107 101 39
107 108 15
107 111 8
107 115 22
107 116 49
107 120 41
107 121 40
107 123 14
108 6 44
108 8 9
108 10 47
108 11 48
108 12 48
108 13 19
108 17 15
108 18 39
108 19 35
108 20 23
108 21 28
108 25 47
108 28 10
108 29 5
108 30 15
108 31 38
108 34 10
108 36 40
108 37 43
108 38 10
108 39 22
108 43 33
108 46 15
108 47 49
108 49 18
108 53 33
108 54 1
108 55 45
108 56 29
108 59 20
108 63 41
108 68 21
108 69 46
108 73 20
108 74 30
108 76 16
108 77 34
108 78 2
108 79 8
108 81 41
108 82 18
108 88 46
108 89 40
108 90 7
108 91 32
108 92 3
108 96 19
108 101 38
108 102 34
108 104 28
108 105 20
108 106 45
108 107 15
108 109 13
108 111 23
108 113 2
108 115 31
108 119 6
108 120 23
109 5 11
109 6 6
109 12 40
109 13 35
109 14 21
109 15 6
109 16 10
109 17 15
109 18 10
109 20 46
109 21 47
109 22 10
109 26 31
109 27 15
109 28 41
109 30 10
109 32 32
109 34 8
109 38 33
109 39 41
109 42 29
109 45 16
109 46 4
109 47 3
109 48 38
109 49 25
109 51 26
109 53 23
109 54 36
109 57 33
109 59 7
109 64 22
109 65 36
109 68 7
109 69 22
109 70 23
109 75 22
109 77 34
109 78 29
109 81 37
109 82 15
109 84 7
109 86 20
109 89 10
109 90 26
109 94 50
109 97 45
109 103 36
109 104 41
109 108 13
109 110 48
109 113 19
109 114 2
109 117 48
109 121 19
109 122 3
109 124 13
110 5 25
110 7 44
110 9 41
110 12 32
110 13 49
110 14 48
110 16 14
110 17 5
110 19 9
110 20 14
110 24 13
110 25 42
110 31 26
110 35 6
110 42 23
110 44 17
110 45 41
110 46 21
110 47 29
110 49 45
110 53 40
110 61 26
110 62 37
110 63 47
110 64 13
110 66 10
110 67 49
110 70 14
110 71 11
110 73 33
110 74 26
110 75 27
110 76 4
110 79 40
110 81 23
110 84 7
110 85 44
110 86 1
110 87 43
110 91 45
110 92 28
110 93 41
110 97 3
110 99 30
110 100 46
110 105 4
110 106 45
110 109 48
110 111 30
110 114 9
110 115 25
110 117 35
110 118 29
110 120 36
110 122 19
111 1 10
111 2 4
111 3 49
111 4 41
111 5 41
111 6 15
111 8 42
111 12 46
111 16 31
111 17 14
111 18 35
111 20 45
111 24 26
111 25 2
111 26 8
111 27 15
111 30 14
111 33 32
111 36 30
111 37 1
111 40 30
111 41 40
111 42 40
111 44 31
111 48 46
111 52 32
111 54 29
111 57 44
111 59 13
111 60 44
111 62 15
111 65 36
111 67 29
111 70 28
111 71 3
111 72 50
111 76 33
111 77 44
111 79 4
111 80 15
111 81 2
111 82 26
111 83 40
111 84 1
111 85 44
111 86 39
111 88 43
111 93 26
111 94 13
111 95 41
111 97 19
111 98 8
111 99 24
111 103 48
111 105 28
111 106 37
111 107 8
111 108 23
111 110 30
111 112 13
111 113 47
111 115 37
111 118 26
111 120 31
111 121 5
112 1 14
112 2 41
112 4 32
112 5 25
112 6 7
112 8 39
112 10 21
112 14 40
112 17 5
112 18 36
112 19 32
112 20 46
112 23 28
112 25 14
112 26 39
112 27 44
112 28 35
112 30 14
112 34 43
112 35 12
112 40 30
112 44 14
112 46 44
112 47 2
112 49 43
112 51 47
112 52 14
112 53 40
112 54 41
112 56 39
112 57 46
112 61 27
112 62 16
112 64 29
112 67 39
112 68 9
112 70 15
112 71 39
112 75 19
112 79 23
112 81 24
112 86 25
112 87 38
112 88 39
112 89 46
112 91 4
112 94 38
112 96 42
112 97 21
112 98 17
112 100 14
112 101 36
112 102 8
112 104 44
112 105 15
112 106 18
112 111 13
112 113 4
112 114 12
112 117 7
112 118 39
112 122 49
113 1 7
113 2 43
113 6 7
113 7 11
113 10 32
113 11 30
113 14 9
113 16 48
113 18 20
113 19 45
113 22 38
113 24 8
113 25 4
113 26 11
113 28 6
113 30 25
113 31 18
113 32 50
113 33 25
113 34 24
113 35 2
113 36 24
113 37 14
113 39 15
113 44 19
113 48 44
113 49 24
113 52 19
113 53 16
113 54 4
113 57 21
113 59 36
113 60 21
113 61 45
113 63 15
113 64 14
113 66 26
113 68 15
113 74 32
113 78 10
113 84 3
113 86 39
113 87 15
113 88 10
113 89 30
113 90 47
113 92 18
113 93 28
113 94 9
113 96 41
113 98 2
113 100 32
113 102 39
113 104 39
113 105 26
113 106 15
113 108 2
113 109 19
113 111 47
113 112 4
113 115 33
113 119 36
113 121 7
113 122 18
113 124 46
114 2 10
114 3 9
114 5 3
114 7 30
114 8 21
114 11 5
114 14 31
114 17 46
114 18 47
114 21 29
114 24 22
114 25 13
114 27 6
114 29 8
114 31 27
114 33 31
114 34 22
114 35 12
114 41 8
114 43 33
114 44 3
114 45 16
114 49 7
114 51 14
114 54 12
114 55 38
114 57 47
114 58 34
114 59 31
114 65 34
114 67 49
114 68 39
114 69 33
114 73 23
114 74 38
114 75 31
114 76 47
114 77 50
114 79 22
114 80 30
114 85 1
114 87 15
114 89 24
114 94 8
114 95 9
114 96 21
114 97 13
114 98 47
114 100 40
114 101 20
114 102 16
114 105 13
114 106 32
114 109 2
114 110 9
114 112 12
114 116 47
114 118 50
114 119 1
114 121 14
114 123 23
115 4 30
115 5 7
115 7 30
115 8 46
115 10 40
115 16 44
115 17 11
115 18 5
115 21 25
115 23 22
115 24 4
115 26 43
115 28 10
115 29 47
115 30 17
115 31 24
115 38 8
115 40 25
115 41 44
115 42 25
115 45 12
115 46 14
115 47 34
115 48 22
115 49 47
115 52 26
115 56 48
115 59 10
115 60 6
115 67 15
115 69 46
115 70 24
115 73 41
115 74 27
115 75 32
115 76 28
115 77 37
115 78 39
115 82 40
115 85 39
115 91 8
115 92 18
115 93 40
115 95 2
115 97 12
115 98 6
115 99 6
115 100 14
115 101 3
115 102 2
115 105 15
115 106 21
115 107 22
115 108 31
115 110 25
115 111 37
115 113 33
115 116 9
115 117 27
115 119 34
115 121 27
115 122 36
115 123 39
115 124 40
116 4 20
116 5 32
116 6 9
116 8 9
116 9 42
116 10 15
116 11 36
116 12 47
116 14 25
116 15 6
116 16 14
116 17 45
116 21 33
116 22 34
116 23 30
116 25 31
116 28 29
116 30 43
116 32 37
116 33 29
116 34 35
116 35 1
116 36 42
116 37 47
116 38 4
116 40 22
116 41 40
116 43 28
116 44 46
116 48 20
116 51 32
116 52 42
116 54 31
116 55 50
116 57 4
116 58 46
116 59 23
116 61 45
116 64 46
116 65 16
116 66 29
116 67 1
116 71 23
116 72 6
116 73 35
116 74 4
116 76 32
116 78 23
116 79 33
116 80 46
116 81 24
116 82 29
116 83 40
116 88 16
116 89 6
116 90 46
116 91 29
116 94 26
116 95 42
116 97 28
116 98 6
116 100 11
116 103 32
116 107 49
116 114 47
116 115 9
116 118 7
116 121 27
116 122 34
116 123 30
116 124 28
117 1 8
117 2 2
117 4 14
117 6 35
117 8 29
117 10 33
117 13 19
117 14 39
117 19 4
117 23 16
117 29 25
117 34 33
117 35 7
117 36 4
117 37 15
117 38 7
117 39 16
117 42 19
117 45 36
117 46 43
117 47 21
117 48 25
117 50 20
117 51 34
117 57 13
117 58 10
117 60 10
117 61 23
117 62 39
117 63 36
117 64 49
117 68 4
117 71 17
117 73 50
117 79 18
117 82 48
117 83 16
117 84 20
117 85 19
117 86 21
117 88 2
117 90 9
117 92 2
117 94 11
117 95 44
117 100 39
117 101 2
117 102 30
117 103 11
117 104 17
117 105 22
117 109 48
117 110 35
117 112 7
117 115 27
117 118 8
117 119 15
117 120 45
117 122 32
117 123 21
117 124 8
118 1 25
118 3 23
118 5 40
118 7 27
118 11 5
118 16 2
118 17 8
118 18 49
118 24 6
118 25 4
118 26 3
118 28 39
118 29 2
118 30 21
118 31 45
118 32 46
118 33 45
118 34 17
118 37 35
118 39 38
118 41 18
118 42 29
118 43 19
118 46 38
118 47 12
118 48 21
118 49 21
118 50 14
118 51 49
118 52 8
118 55 44
118 57 48
118 60 40
118 64 12
118 66 34
118 67 2
118 69 33
118 71 30
118 76 28
118 77 17
118 79 6
118 80 32
118 81 32
118 87 8
118 88 44
118 89 40
118 91 1
118 93 39
118 94 1
118 101 10
118 102 15
118 106 9
118 110 29
118 111 26
118 112 39
118 114 50
118 116 7
118 117 8
118 119 36
118 121 17
118 122 47
118 123 41
119 1 29
119 2 26
119 4 5
119 6 41
119 7 11
119 9 2
119 10 47
119 11 12
119 18 16
119 19 50
119 21 37
119 27 6
119 35 8
119 36 15
119 37 39
119 38 28
119 40 37
119 41 33
119 42 47
119 43 25
119 47 45
119 51 14
119 52 5
119 54 9
119 56 14
119 59 38
119 60 11
119 61 48
119 63 26
119 64 9
119 65 11
119 67 39
119 70 46
119 71 50
119 72 5
119 75 48
119 80 24
119 88 21
119 91 34
119 92 24
119 93 17
119 94 11
119 96 24
119 98 26
119 101 3
119 105 38
119 108 6
119 113 36
119 114 1
119 115 34
119 117 15
119 118 36
119 122 22
120 5 22
120 6 29
120 8 38
120 9 48
120 10 41
120 11 44
120 13 11
120 16 1
120 17 42
120 18 48
120 26 50
120 32 40
120 33 35
120 34 40
120 35 35
120 40 22
120 43 50
120 46 40
120 49 14
120 50 35
120 53 36
120 56 30
120 58 2
120 62 4
120 64 37
120 65 7
120 67 41
120 70 4
120 71 8
120 72 28
120 73 12
120 76 42
120 80 38
120 82 46
120 85 23
120 90 23
120 91 19
120 94 21
120 97 41
120 98 5
120 99 4
120 100 50
120 101 33
120 103 42
120 105 10
120 107 41
120 108 23
120 110 36
120 111 31
120 117 45
120 122 14
120 123 38
121 1 49
121 2 38
121 4 26
121 5 13
121 6 29
121 7 31
121 8 12
121 10 34
121 13 9
121 14 9
121 16 30
121 18 14
121 19 22
121 22 15
121 24 36
121 27 8
121 28 23
121 29 43
121 30 43
121 31 41
121 34 36
121 35 26
121 39 36
121 40 17
121 45 50
121 46 16
121 48 40
121 49 3
121 50 20
121 51 37
121 55 14
121 58 35
121 61 20
121 62 11
121 63 33
121 64 10
121 66 36
121 68 28
121 69 32
121 70 47
121 73 10
121 74 6
121 77 33
121 79 36
121 80 36
121 81 21
121 82 16
121 83 46
121 85 15
121 86 15
121 88 16
121 89 30
121 90 37
121 93 42
121 97 34
121 99 18
121 100 38
121 101 35
121 102 29
121 105 48
121 106 33
121 107 40
121 109 19
121 111 5
121 113 7
121 114 14
121 115 27
121 116 27
121 118 17
121 123 31
122 4 35
122 5 34
122 7 3
122 8 22
122 10 10
122 13 40
122 14 14
122 18 20
122 20 1
122 22 29
122 25 49
122 26 19
122 28 30
122 29 49
122 30 30
122 31 35
122 32 23
122 34 34
122 35 22
122 36 7
122 38 5
122 39 33
122 41 11
122 43 12
122 44 6
122 45 30
122 48 25
122 50 15
122 52 24
122 53 31
122 54 14
122 58 32
122 60 44
122 61 28
122 64 48
122 65 30
122 66 43
122 67 20
122 68 15
122 69 17
122 71 20
122 77 11
122 78 41
122 79 3
122 82 32
122 85 35
122 87 19
122 88 48
122 89 20
122 90 34
122 93 41
122 98 37
122 101 18
122 103 30
122 104 35
122 106 40
122 109 3
122 110 19
122 112 49
122 113 18
122 115 36
122 116 34
122 117 32
122 118 47
122 119 22
122 120 14
122 124 12
123 2 43
123 6 18
123 7 23
123 9 26
123 10 16
123 11 33
123 13 2
123 14 37
123 17 47
123 19 31
123 20 3
123 21 11
123 22 19
123 32 1
123 35 37
123 37 41
123 38 45
123 40 34
123 41 43
123 44 40
123 45 33
123 46 3
123 49 19
123 50 27
123 55 45
123 56 35
123 61 39
123 63 37
123 64 12
123 69 45
123 70 8
123 71 33
123 73 18
123 75 40
123 79 45
123 80 36
123 81 39
123 86 6
123 88 26
123 91 15
123 96 29
123 98 5
123 100 36
123 101 28
123 102 43
123 103 31
123 104 42
123 107 14
123 114 23
123 115 39
123 116 30
123 117 21
123 118 41
123 120 38
123 121 31
123 124 3
5 t 17
8 t 10
14 t 22
16 t 34
17 t 25
18 t 22
19 t 50
21 t 25
22 t 36
23 t 10
25 t 46
26 t 28
28 t 17
29 t 40
30 t 29
31 t 20
33 t 34
38 t 39
39 t 27
40 t 14
42 t 25
44 t 46
45 t 40
46 t 23
47 t 50
49 t 48
54 t 11
55 t 11
57 t 44
58 t 47
59 t 49
60 t 45
61 t 6
63 t 6
67 t 18
71 t 23
74 t 16
75 t 34
76 t 18
77 t 49
78 t 36
79 t 27
80 t 37
82 t 49
88 t 6
89 t 1
90 t 19
91 t 4
92 t 26
93 t 14
95 t 1
98 t 29
99 t 34
103 t 3
106 t 44
109 t 13
113 t 46
115 t 40
116 t 28
117 t 8
122 t 12
123 t 3
