s 4 25
s 5 12
s 7 2
s 9 26
s 10 49
s 12 23
s 15 43
s 16 35
s 19 49
s 20 49
s 24 34
s 26 36
s 34 49
s 35 38
s 37 44
s 38 21
s 39 5
s 41 11
s 47 29
s 48 38
1 2 16
1 3 17
1 6 19
1 7 50
1 8 26
1 9 28
1 10 40
1 11 10
1 15 45
1 16 30
1 17 40
1 18 18
1 20 29
1 21 47
1 22 21
1 24 1
1 28 46
1 30 8
1 31 10
1 32 23
1 34 19
1 35 19
1 36 26
1 41 41
1 42 21
1 43 4
1 45 14
1 47 19
1 48 20
1 49 6
2 1 16
2 5 9
2 6 39
2 7 9
2 8 42
2 10 24
2 11 30
2 12 29
2 15 14
2 17 22
2 18 14
2 20 2
2 21 34
2 22 1
2 23 29
2 24 26
2 25 24
2 26 8
2 27 46
2 28 37
2 29 27
2 30 26
2 32 1
2 34 20
2 36 26
2 40 19
2 45 13
2 46 41
3 1 17
3 5 25
3 7 3
3 11 47
3 12 4
3 16 50
3 17 7
3 18 36
3 19 33
3 21 28
3 22 3
3 24 2
3 25 14
3 26 16
3 27 38
3 28 13
3 30 49
3 31 30
3 33 48
3 35 44
3 36 30
3 38 7
3 40 34
3 41 32
3 42 26
3 44 7
3 49 12
4 5 14
4 6 48
4 7 1
4 10 25
4 12 37
4 15 48
4 16 44
4 20 38
4 24 48
4 27 33
4 29 27
4 34 6
4 36 38
4 37 26
4 38 32
4 39 31
4 41 9
4 43 23
4 44 21
4 46 26
4 47 31
4 49 13
5 2 9
5 3 25
5 4 14
5 9 12
5 12 43
5 20 46
5 21 47
5 22 32
5 24 47
5 27 1
5 28 6
5 29 3
5 30 4
5 31 18
5 33 42
5 34 49
5 39 19
5 40 45
5 43 25
5 45 47
5 47 8
5 48 44
5 49 34
6 1 19
6 2 39
6 4 48
6 7 45
6 8 7
6 12 16
6 13 47
6 15 32
6 17 49
6 19 50
6 20 29
6 21 30
6 24 33
6 27 5
6 31 15
6 32 12
6 33 16
6 36 9
6 38 30
6 40 25
6 45 18
6 48 4
7 1 50
7 2 9
7 3 3
7 4 1
7 6 45
7 8 46
7 9 44
7 10 47
7 13 42
7 15 6
7 16 26
7 17 44
7 18 12
7 21 45
7 22 4
7 23 6
7 29 4
7 30 41
7 31 23
7 33 3
7 35 49
7 38 9
7 40 32
7 42 13
7 43 42
7 47 50
7 48 31
8 1 26
8 2 42
8 6 7
8 7 46
8 9 14
8 13 17
8 14 25
8 16 29
8 17 28
8 18 5
8 19 28
8 21 39
8 25 49
8 27 22
8 28 27
8 31 27
8 33 18
8 36 36
8 37 31
8 38 45
8 39 15
8 40 4
8 41 21
8 42 34
8 43 14
8 45 41
8 47 49
8 48 46
8 49 11
9 1 28
9 5 12
9 7 44
9 8 14
9 10 17
9 12 19
9 13 19
9 14 25
9 15 34
9 17 20
9 18 29
9 20 27
9 22 42
9 27 43
9 31 45
9 33 40
9 34 13
9 36 12
9 37 3
9 38 20
9 39 45
9 40 19
9 41 37
9 42 3
9 45 21
9 46 50
9 49 5
10 1 40
10 2 24
10 4 25
10 7 47
10 9 17
10 11 5
10 12 3
10 15 33
10 16 42
10 18 12
10 22 22
10 23 44
10 24 33
10 26 9
10 29 15
10 30 1
10 31 20
10 32 45
10 34 41
10 38 7
10 39 30
10 41 29
10 42 5
10 43 37
10 44 3
10 49 25
11 1 10
11 2 30
11 3 47
11 10 5
11 15 18
11 17 40
11 20 29
11 29 38
11 30 5
11 31 32
11 33 36
11 35 3
11 36 32
11 38 27
11 41 14
11 43 44
11 44 8
11 46 44
11 47 50
12 2 29
12 3 4
12 4 37
12 5 43
12 6 16
12 9 19
12 10 3
12 13 43
12 14 12
12 15 7
12 16 43
12 18 48
12 21 49
12 22 34
12 23 6
12 27 26
12 29 12
12 33 6
12 34 17
12 36 14
12 37 32
12 40 25
12 41 26
12 42 15
12 43 48
12 44 35
12 45 19
12 48 6
13 6 47
13 7 42
13 8 17
13 9 19
13 12 43
13 17 40
13 18 25
13 21 22
13 25 29
13 30 30
13 32 4
13 34 17
13 35 3
13 38 37
13 41 22
13 44 33
13 45 36
13 48 47
13 49 35
14 8 25
14 9 25
14 12 12
14 15 30
14 18 10
14 21 20
14 24 35
14 25 1
14 26 44
14 27 19
14 30 47
14 34 36
14 36 16
14 39 28
14 40 50
14 41 36
14 44 44
14 45 23
14 46 8
14 47 49
14 48 41
15 1 45
15 2 14
15 4 48
15 6 32
15 7 6
15 9 34
15 10 33
15 11 18
15 12 7
15 14 30
15 16 29
15 19 30
15 20 32
15 22 1
15 23 49
15 25 37
15 28 33
15 30 2
15 31 38
15 33 4
15 37 38
15 38 1
15 39 3
15 40 11
15 43 12
15 44 20
15 45 50
15 46 17
15 47 34
15 49 37
16 1 30
16 3 50
16 4 44
16 7 26
16 8 29
16 10 42
16 12 43
16 15 29
16 18 19
16 19 39
16 21 10
16 23 18
16 24 45
16 26 39
16 27 39
16 28 20
16 29 30
16 31 23
16 32 29
16 33 2
16 34 7
16 40 37
16 42 9
16 43 12
16 44 11
16 46 50
16 47 42
17 1 40
17 2 22
17 3 7
17 6 49
17 7 44
17 8 28
17 9 20
17 11 40
17 13 40
17 18 6
17 19 29
17 20 3
17 22 35
17 25 11
17 28 13
17 35 9
17 36 42
17 37 8
17 39 44
17 40 21
17 41 3
17 42 14
17 43 1
17 44 22
17 45 28
17 48 21
18 1 18
18 2 14
18 3 36
18 7 12
18 8 5
18 9 29
18 10 12
18 12 48
18 13 25
18 14 10
18 16 19
18 17 6
18 24 10
18 25 13
18 28 17
18 29 14
18 30 13
18 33 43
18 36 16
18 37 47
18 38 17
18 40 20
18 42 21
18 44 29
18 46 3
19 3 33
19 6 50
19 8 28
19 15 30
19 16 39
19 17 29
19 20 33
19 21 47
19 22 26
19 23 20
19 25 22
19 26 27
19 28 13
19 30 7
19 31 44
19 33 24
19 34 10
19 35 24
19 38 28
19 46 14
19 47 36
19 49 45
20 1 29
20 2 2
20 4 38
20 5 46
20 6 29
20 9 27
20 11 29
20 15 32
20 17 3
20 19 33
20 22 21
20 25 14
20 27 50
20 28 45
20 33 15
20 34 13
20 35 12
20 36 39
20 39 32
20 40 23
20 41 29
20 42 40
20 43 50
20 45 28
21 1 47
21 2 34
21 3 28
21 5 47
21 6 30
21 7 45
21 8 39
21 12 49
21 13 22
21 14 20
21 16 10
21 19 47
21 22 15
21 27 45
21 29 22
21 32 1
21 33 18
21 37 12
21 42 23
21 43 1
21 44 6
21 46 10
22 1 21
22 2 1
22 3 3
22 5 32
22 7 4
22 9 42
22 10 22
22 12 34
22 15 1
22 17 35
22 19 26
22 20 21
22 21 15
22 25 49
22 27 8
22 28 47
22 29 30
22 34 27
22 35 9
22 38 22
22 39 32
22 40 46
22 41 2
22 42 44
22 47 22
22 48 22
23 2 29
23 7 6
23 10 44
23 12 6
23 15 49
23 16 18
23 19 20
23 24 11
23 26 47
23 29 28
23 30 11
23 31 20
23 32 16
23 35 34
23 37 38
23 38 34
23 39 13
23 40 1
23 43 15
23 45 34
23 46 13
24 1 1
24 2 26
24 3 2
24 4 48
24 5 47
24 6 33
24 10 33
24 14 35
24 16 45
24 18 10
24 23 11
24 27 26
24 29 1
24 31 35
24 35 48
24 39 12
24 46 11
24 47 8
24 49 26
25 2 24
25 3 14
25 8 49
25 13 29
25 14 1
25 15 37
25 17 11
25 18 13
25 19 22
25 20 14
25 22 49
25 28 16
25 29 13
25 30 29
25 32 32
25 34 9
25 35 7
25 38 46
25 39 25
25 40 31
25 41 29
25 42 34
25 43 40
25 45 2
25 47 6
25 49 50
26 2 8
26 3 16
26 10 9
26 14 44
26 16 39
26 19 27
26 23 47
26 28 43
26 33 2
26 34 18
26 36 48
26 37 28
26 38 6
26 39 48
26 42 20
26 43 22
26 44 17
26 47 22
26 49 9
27 2 46
27 3 38
27 4 33
27 5 1
27 6 5
27 8 22
27 9 43
27 12 26
27 14 19
27 16 39
27 20 50
27 21 45
27 22 8
27 24 26
27 29 28
27 30 14
27 32 40
27 34 4
27 35 48
27 37 36
27 40 6
27 42 41
27 44 46
27 47 7
27 48 46
28 1 46
28 2 37
28 3 13
28 5 6
28 8 27
28 15 33
28 16 20
28 17 13
28 18 17
28 19 13
28 20 45
28 22 47
28 25 16
28 26 43
28 30 6
28 33 2
28 34 47
28 36 15
28 37 26
28 38 40
28 39 39
28 41 25
28 44 17
28 46 5
28 47 9
28 48 4
29 2 27
29 4 27
29 5 3
29 7 4
29 10 15
29 11 38
29 12 12
29 16 30
29 18 14
29 21 22
29 22 30
29 23 28
29 24 1
29 25 13
29 27 28
29 30 39
29 31 2
29 34 5
29 35 31
29 36 45
29 40 48
29 41 36
29 44 29
29 45 48
29 49 37
30 1 8
30 2 26
30 3 49
30 5 4
30 7 41
30 10 1
30 11 5
30 13 30
30 14 47
30 15 2
30 18 13
30 19 7
30 23 11
30 25 29
30 27 14
30 28 6
30 29 39
30 32 38
30 35 28
30 36 47
30 40 6
30 41 12
30 42 46
30 44 36
31 1 10
31 3 30
31 5 18
31 6 15
31 7 23
31 8 27
31 9 45
31 10 20
31 11 32
31 15 38
31 16 23
31 19 44
31 23 20
31 24 35
31 29 2
31 33 26
31 44 48
31 45 39
31 46 33
31 47 34
31 48 29
31 49 50
32 1 23
32 2 1
32 6 12
32 10 45
32 13 4
32 16 29
32 21 1
32 23 16
32 25 32
32 27 40
32 30 38
32 34 17
32 35 31
32 36 46
32 40 10
32 41 26
32 42 39
32 43 5
32 45 28
32 46 24
32 47 46
32 49 7
33 3 48
33 5 42
33 6 16
33 7 3
33 8 18
33 9 40
33 11 36
33 12 6
33 15 4
33 16 2
33 18 43
33 19 24
33 20 15
33 21 18
33 26 2
33 28 2
33 31 26
33 34 11
33 36 50
33 37 23
33 38 50
33 40 34
33 41 38
33 45 48
34 1 19
34 2 20
34 4 6
34 5 49
34 9 13
34 10 41
34 12 17
34 13 17
34 14 36
34 16 7
34 19 10
34 20 13
34 22 27
34 25 9
34 26 18
34 27 4
34 28 47
34 29 5
34 32 17
34 33 11
34 35 10
34 36 12
34 37 31
34 38 15
34 40 9
34 41 6
34 43 19
34 44 31
34 45 29
34 46 2
34 49 49
35 1 19
35 3 44
35 7 49
35 11 3
35 13 3
35 17 9
35 19 24
35 20 12
35 22 9
35 23 34
35 24 48
35 25 7
35 27 48
35 29 31
35 30 28
35 32 31
35 34 10
35 38 30
35 39 45
35 40 17
35 41 36
35 43 33
35 46 50
36 1 26
36 2 26
36 3 30
36 4 38
36 6 9
36 8 36
36 9 12
36 11 32
36 12 14
36 14 16
36 17 42
36 18 16
36 20 39
36 26 48
36 28 15
36 29 45
36 30 47
36 32 46
36 33 50
36 34 12
36 37 50
36 38 38
36 39 37
36 42 37
36 45 42
37 4 26
37 8 31
37 9 3
37 12 32
37 15 38
37 17 8
37 18 47
37 21 12
37 23 38
37 26 28
37 27 36
37 28 26
37 33 23
37 34 31
37 36 50
37 38 42
37 41 40
37 42 46
37 43 41
37 47 43
37 49 5
38 3 7
38 4 32
38 6 30
38 7 9
38 8 45
38 9 20
38 10 7
38 11 27
38 13 37
38 15 1
38 18 17
38 19 28
38 22 22
38 23 34
38 25 46
38 26 6
38 28 40
38 33 50
38 34 15
38 35 30
38 36 38
38 37 42
38 41 48
38 42 35
38 44 2
38 46 34
38 48 35
39 4 31
39 5 19
39 8 15
39 9 45
39 10 30
39 14 28
39 15 3
39 17 44
39 20 32
39 22 32
39 23 13
39 24 12
39 25 25
39 26 48
39 28 39
39 35 45
39 36 37
39 40 5
39 44 6
39 45 8
39 47 43
39 48 22
40 2 19
40 3 34
40 5 45
40 6 25
40 7 32
40 8 4
40 9 19
40 12 25
40 14 50
40 15 11
40 16 37
40 17 21
40 18 20
40 20 23
40 22 46
40 23 1
40 25 31
40 27 6
40 29 48
40 30 6
40 32 10
40 33 34
40 34 9
40 35 17
40 39 5
40 44 2
40 46 4
40 47 11
41 1 41
41 3 32
41 4 9
41 8 21
41 9 37
41 10 29
41 11 14
41 12 26
41 13 22
41 14 36
41 17 3
41 20 29
41 22 2
41 25 29
41 28 25
41 29 36
41 30 12
41 32 26
41 33 38
41 34 6
41 35 36
41 37 40
41 38 48
41 42 35
41 44 23
41 48 48
41 49 1
42 1 21
42 3 26
42 7 13
42 8 34
42 9 3
42 10 5
42 12 15
42 16 9
42 17 14
42 18 21
42 20 40
42 21 23
42 22 44
42 25 34
42 26 20
42 27 41
42 30 46
42 32 39
42 36 37
42 37 46
42 38 35
42 41 35
42 43 13
42 44 29
42 49 10
43 1 4
43 4 23
43 5 25
43 7 42
43 8 14
43 10 37
43 11 44
43 12 48
43 15 12
43 16 12
43 17 1
43 20 50
43 21 1
43 23 15
43 25 40
43 26 22
43 32 5
43 34 19
43 35 33
43 37 41
43 42 13
43 44 32
43 45 9
44 3 7
44 4 21
44 10 3
44 11 8
44 12 35
44 13 33
44 14 44
44 15 20
44 16 11
44 17 22
44 18 29
44 21 6
44 26 17
44 27 46
44 28 17
44 29 29
44 30 36
44 31 48
44 34 31
44 38 2
44 39 6
44 40 2
44 41 23
44 42 29
44 43 32
44 47 1
44 49 9
45 1 14
45 2 13
45 5 47
45 6 18
45 8 41
45 9 21
45 12 19
45 13 36
45 14 23
45 15 50
45 17 28
45 20 28
45 23 34
45 25 2
45 29 48
45 31 39
45 32 28
45 33 48
45 34 29
45 36 42
45 39 8
45 43 9
45 48 5
45 49 26
46 2 41
46 4 26
46 9 50
46 11 44
46 14 8
46 15 17
46 16 50
46 18 3
46 19 14
46 21 10
46 23 13
46 24 11
46 28 5
46 31 33
46 32 24
46 34 2
46 35 50
46 38 34
46 40 4
46 47 39
46 48 25
47 1 19
47 4 31
47 5 8
47 7 50
47 8 49
47 11 50
47 14 49
47 15 34
47 16 42
47 19 36
47 22 22
47 24 8
47 25 6
47 26 22
47 27 7
47 28 9
47 31 34
47 32 46
47 37 43
47 39 43
47 40 11
47 44 1
47 46 39
47 48 24
48 1 20
48 5 44
48 6 4
48 7 31
48 8 46
48 12 6
48 13 47
48 14 41
48 17 21
48 22 22
48 27 46
48 28 4
48 31 29
48 38 35
48 39 22
48 41 48
48 45 5
48 46 25
48 47 24
48 49 33
1 t 6
3 t 12
4 t 13
5 t 34
8 t 11
9 t 5
10 t 25
13 t 35
15 t 37
19 t 45
24 t 26
25 t 50
26 t 9
29 t 37
31 t 50
32 t 7
34 t 49
37 t 5
41 t 1
42 t 10
44 t 9
45 t 26
48 t 33
