s 1 20
s 2 31
s 6 17
s 7 13
s 8 50
s 10 8
s 12 7
s 13 32
s 16 40
s 17 37
s 18 32
s 20 32
s 21 41
s 25 22
s 27 8
s 28 44
s 31 22
s 34 9
s 35 24
s 36 16
s 37 7
s 40 33
s 42 21
s 45 27
s 47 29
s 50 34
s 52 18
s 53 42
s 55 42
s 56 29
s 58 26
s 59 3
s 61 4
s 62 30
s 63 48
s 64 5
s 65 41
s 67 21
s 69 21
s 70 2
s 72 21
s 73 40
s 74 39
s 75 32
s 76 44
s 77 18
s 80 50
s 83 10
s 85 3
s 87 41
s 89 20
s 92 46
s 94 45
s 95 21
s 96 6
s 99 44
1 2 46
1 3 34
1 5 10
1 7 21
1 10 19
1 11 21
1 15 14
1 16 12
1 17 9
1 18 23
1 19 2
1 20 47
1 21 41
1 31 32
1 32 3
1 33 14
1 34 45
1 35 37
1 36 44
1 37 21
1 39 40
1 40 38
1 41 8
1 42 30
1 43 43
1 45 8
1 46 14
1 49 25
1 51 29
1 52 7
1 53 47
1 57 21
1 58 39
1 69 12
1 70 11
1 71 16
1 73 24
1 75 50
1 76 8
1 77 44
1 80 44
1 85 32
1 86 28
1 87 40
1 89 17
1 94 12
1 95 28
1 96 15
2 1 46
2 4 36
2 5 9
2 8 21
2 10 6
2 16 8
2 17 9
2 18 20
2 21 20
2 23 10
2 24 43
2 25 26
2 26 50
2 29 12
2 33 11
2 34 23
2 35 10
2 37 50
2 38 30
2 39 40
2 44 31
2 46 42
2 48 26
2 49 34
2 51 47
2 53 32
2 54 18
2 56 29
2 57 8
2 58 10
2 60 34
2 64 38
2 67 34
2 69 44
2 70 15
2 71 43
2 76 24
2 80 17
2 81 38
2 91 45
2 92 6
2 94 5
2 97 46
2 99 24
3 1 34
3 6 31
3 7 8
3 9 8
3 10 3
3 13 21
3 14 23
3 17 22
3 18 26
3 20 8
3 22 49
3 23 46
3 24 50
3 25 32
3 26 1
3 28 11
3 31 46
3 32 21
3 37 36
3 42 9
3 43 1
3 44 8
3 46 43
3 47 31
3 48 46
3 49 38
3 52 50
3 53 31
3 56 45
3 57 5
3 63 48
3 64 17
3 66 8
3 69 29
3 71 5
3 72 33
3 73 45
3 76 7
3 77 33
3 81 6
3 87 5
3 88 14
3 89 32
3 91 19
3 92 25
3 93 35
3 96 9
3 97 1
3 99 44
4 2 36
4 9 16
4 10 15
4 13 47
4 14 36
4 15 41
4 20 24
4 22 35
4 23 38
4 25 46
4 26 41
4 27 17
4 32 13
4 35 20
4 36 22
4 41 38
4 44 29
4 46 12
4 47 20
4 49 47
4 51 43
4 52 11
4 53 9
4 54 34
4 57 15
4 60 12
4 61 50
4 62 10
4 63 47
4 65 15
4 68 34
4 69 35
4 72 17
4 74 7
4 75 22
4 76 22
4 82 30
4 84 9
4 85 10
4 86 31
4 87 25
4 88 39
4 89 23
4 90 22
4 91 2
4 97 1
5 1 10
5 2 9
5 7 23
5 8 3
5 9 23
5 10 28
5 11 19
5 12 8
5 15 35
5 20 4
5 24 4
5 28 14
5 29 9
5 30 6
5 32 49
5 36 6
5 37 25
5 38 38
5 39 6
5 40 41
5 41 11
5 45 37
5 47 37
5 49 46
5 51 19
5 54 11
5 55 33
5 57 8
5 60 18
5 61 34
5 63 50
5 64 9
5 65 19
5 66 3
5 67 17
5 68 18
5 71 10
5 72 21
5 73 5
5 74 2
5 81 13
5 83 19
5 84 7
5 87 33
5 90 34
5 91 6
5 93 22
5 95 21
5 96 11
5 99 34
6 3 31
6 10 35
6 11 28
6 12 6
6 13 44
6 14 32
6 15 17
6 16 28
6 20 37
6 21 9
6 26 3
6 27 45
6 31 8
6 33 26
6 35 3
6 37 36
6 38 12
6 41 5
6 44 18
6 47 44
6 49 31
6 51 44
6 53 32
6 54 26
6 55 21
6 58 20
6 61 41
6 64 43
6 65 28
6 67 35
6 68 47
6 70 39
6 71 21
6 73 7
6 75 34
6 76 33
6 77 48
6 79 36
6 81 23
6 82 29
6 88 46
6 89 23
6 90 38
6 91 45
6 93 1
6 94 17
6 95 19
6 96 21
6 97 35
6 98 29
6 99 19
7 1 21
7 3 8
7 5 23
7 10 46
7 11 45
7 13 45
7 15 43
7 21 22
7 24 7
7 25 25
7 28 16
7 30 25
7 33 46
7 34 38
7 36 21
7 40 42
7 45 16
7 46 36
7 49 50
7 51 39
7 52 31
7 55 26
7 57 40
7 58 12
7 59 27
7 62 32
7 64 26
7 65 13
7 66 12
7 67 42
7 68 32
7 71 23
7 72 43
7 74 7
7 75 16
7 81 6
7 82 28
7 84 3
7 85 19
7 86 30
7 88 41
7 89 41
7 90 26
7 91 40
7 92 18
7 95 23
7 98 39
7 99 43
8 2 21
8 5 3
8 9 5
8 10 5
8 15 13
8 17 14
8 20 46
8 22 25
8 23 43
8 24 47
8 25 41
8 28 38
8 29 24
8 36 21
8 37 3
8 39 33
8 40 6
8 42 31
8 44 23
8 47 12
8 49 37
8 52 44
8 55 49
8 57 27
8 58 7
8 60 19
8 61 41
8 64 7
8 67 26
8 68 42
8 75 45
8 77 17
8 81 19
8 82 19
8 86 42
8 87 36
8 88 37
8 91 43
8 94 44
8 95 10
8 96 32
8 99 12
9 3 8
9 4 16
9 5 23
9 8 5
9 10 19
9 16 49
9 19 7
9 22 30
9 23 42
9 25 18
9 26 49
9 27 28
9 28 39
9 29 43
9 33 46
9 34 39
9 35 25
9 36 9
9 37 14
9 38 36
9 41 5
9 42 20
9 46 33
9 48 16
9 49 18
9 51 12
9 53 50
9 56 29
9 61 42
9 63 15
9 64 31
9 65 49
9 66 19
9 67 1
9 69 1
9 70 31
9 78 26
9 80 44
9 81 12
9 85 22
9 89 4
9 90 27
9 91 31
9 95 19
9 98 34
10 1 19
10 2 6
10 3 3
10 4 15
10 5 28
10 6 35
10 7 46
10 8 5
10 9 19
10 13 5
10 18 25
10 20 41
10 22 3
10 25 19
10 29 23
10 32 15
10 33 15
10 34 26
10 35 37
10 36 12
10 37 6
10 38 7
10 39 18
10 40 43
10 41 9
10 44 31
10 47 28
10 48 16
10 50 3
10 52 20
10 53 12
10 54 30
10 55 13
10 58 48
10 60 31
10 61 34
10 65 43
10 66 42
10 67 26
10 70 21
10 72 1
10 74 26
10 75 20
10 76 38
10 80 44
10 84 2
10 86 47
10 87 16
10 88 3
10 90 4
10 93 41
10 95 17
11 1 21
11 5 19
11 6 28
11 7 45
11 12 28
11 13 7
11 15 13
11 16 15
11 18 4
11 21 35
11 24 4
11 30 47
11 31 3
11 32 46
11 33 27
11 34 23
11 35 12
11 39 2
11 42 23
11 44 28
11 45 15
11 46 49
11 47 48
11 48 2
11 49 43
11 50 13
11 52 22
11 53 38
11 54 9
11 55 22
11 56 11
11 57 49
11 59 12
11 60 5
11 62 43
11 63 13
11 65 12
11 66 23
11 69 37
11 70 15
11 71 30
11 73 35
11 75 6
11 76 37
11 80 33
11 84 42
11 85 22
11 87 1
11 89 25
11 92 44
11 93 18
11 98 19
11 99 47
12 5 8
12 6 6
12 11 28
12 14 10
12 16 7
12 17 48
12 19 14
12 20 4
12 24 44
12 25 24
12 26 36
12 27 40
12 28 49
12 29 46
12 30 15
12 32 16
12 33 44
12 34 3
12 35 7
12 37 28
12 40 16
12 41 35
12 42 38
12 43 40
12 45 43
12 49 27
12 51 35
12 52 1
12 53 11
12 57 41
12 58 27
12 59 45
12 60 33
12 62 3
12 63 39
12 67 35
12 72 5
12 73 33
12 77 13
12 79 32
12 81 41
12 85 44
12 87 18
12 88 41
12 89 5
12 94 14
12 95 33
12 96 36
12 97 9
12 98 32
13 3 21
13 4 47
13 6 44
13 7 45
13 10 5
13 11 7
13 15 24
13 17 23
13 18 40
13 19 32
13 20 33
13 21 48
13 22 3
13 23 40
13 27 12
13 29 37
13 32 33
13 33 21
13 34 6
13 35 41
13 36 38
13 37 3
13 38 3
13 40 32
13 42 26
13 43 46
13 47 9
13 48 32
13 49 42
13 50 48
13 53 28
13 58 35
13 59 26
13 60 25
13 62 26
13 63 5
13 67 49
13 70 13
13 71 31
13 73 42
13 75 20
13 79 32
13 80 40
13 82 40
13 83 3
13 85 5
13 87 8
13 88 44
13 90 36
13 92 32
13 93 30
13 98 27
14 3 23
14 4 36
14 6 32
14 12 10
14 24 15
14 25 5
14 26 11
14 29 37
14 31 39
14 32 4
14 33 2
14 39 26
14 44 42
14 47 28
14 48 11
14 52 24
14 53 6
14 55 32
14 58 15
14 59 3
14 62 18
14 63 19
14 65 48
14 69 9
14 70 3
14 71 15
14 73 48
14 76 7
14 78 30
14 79 5
14 80 34
14 81 43
14 82 38
14 84 21
14 86 44
14 87 45
14 88 25
14 89 16
14 90 33
14 92 6
14 94 2
14 95 28
14 96 35
14 99 43
15 1 14
15 4 41
15 5 35
15 6 17
15 7 43
15 8 13
15 11 13
15 13 24
15 18 20
15 21 47
15 22 30
15 23 24
15 24 15
15 25 20
15 26 39
15 28 14
15 30 10
15 33 22
15 35 15
15 37 29
15 43 18
15 44 21
15 45 25
15 46 21
15 48 4
15 49 2
15 51 26
15 55 17
15 59 46
15 60 38
15 61 28
15 62 40
15 63 27
15 65 45
15 66 10
15 67 32
15 68 9
15 71 38
15 72 17
15 74 16
15 75 30
15 76 36
15 77 45
15 79 26
15 80 10
15 81 39
15 82 33
15 86 48
15 87 49
15 94 36
15 99 34
16 1 12
16 2 8
16 6 28
16 9 49
16 11 15
16 12 7
16 17 9
16 20 48
16 22 7
16 25 15
16 29 14
16 30 26
16 34 46
16 35 11
16 36 3
16 37 47
16 39 50
16 40 17
16 42 2
16 46 44
16 47 46
16 48 10
16 49 50
16 50 30
16 55 16
16 57 13
16 61 18
16 66 30
16 67 16
16 68 35
16 69 15
16 72 19
16 73 13
16 75 22
16 78 44
16 80 16
16 84 33
16 86 15
16 88 24
16 91 48
16 94 30
16 95 37
16 97 15
16 99 8
17 1 9
17 2 9
17 3 22
17 8 14
17 12 48
17 13 23
17 16 9
17 20 40
17 21 25
17 23 37
17 26 8
17 31 28
17 33 15
17 34 32
17 35 38
17 36 43
17 40 15
17 43 40
17 47 9
17 51 42
17 60 5
17 61 6
17 62 29
17 63 2
17 65 17
17 66 15
17 67 3
17 68 1
17 71 45
17 73 42
17 77 7
17 79 22
17 82 10
17 87 2
17 89 40
17 91 45
17 92 32
17 96 33
17 97 3
18 1 23
18 2 20
18 3 26
18 10 25
18 11 4
18 13 40
18 15 20
18 19 2
18 22 39
18 23 19
18 25 23
18 27 20
18 29 3
18 30 31
18 31 30
18 32 50
18 33 29
18 36 29
18 38 50
18 42 5
18 43 22
18 44 33
18 45 46
18 52 3
18 54 33
18 57 32
18 59 37
18 60 35
18 61 4
18 62 4
18 63 1
18 66 43
18 67 29
18 72 10
18 73 13
18 74 50
18 76 20
18 77 18
18 78 32
18 79 16
18 80 25
18 81 25
18 82 25
18 83 13
18 92 48
18 93 31
18 94 49
18 95 36
18 98 33
18 99 24
19 1 2
19 9 7
19 12 14
19 13 32
19 18 2
19 20 37
19 22 12
19 24 44
19 27 25
19 29 36
19 32 41
19 34 20
19 35 19
19 36 26
19 37 28
19 38 18
19 39 49
19 40 6
19 41 4
19 43 8
19 45 49
19 46 3
19 47 17
19 50 7
19 51 50
19 57 48
19 58 1
19 59 1
19 60 36
19 62 1
19 64 22
19 65 11
19 67 19
19 68 47
19 69 11
19 70 4
19 71 25
19 73 42
19 75 42
19 79 50
19 80 22
19 81 8
19 82 3
19 83 22
19 85 48
19 86 24
19 87 22
19 89 8
19 90 46
19 93 31
19 94 46
19 95 7
19 96 36
19 97 5
19 99 2
20 1 47
20 3 8
20 4 24
20 5 4
20 6 37
20 8 46
20 10 41
20 12 4
20 13 33
20 16 48
20 17 40
20 19 37
20 22 6
20 23 24
20 26 15
20 27 31
20 28 7
20 29 40
20 30 2
20 32 40
20 34 3
20 36 10
20 38 10
20 39 33
20 40 16
20 41 28
20 42 43
20 44 24
20 47 48
20 48 21
20 49 3
20 51 14
20 54 25
20 57 16
20 58 29
20 61 34
20 62 13
20 67 9
20 69 27
20 70 49
20 71 6
20 72 47
20 73 23
20 75 2
20 80 7
20 81 31
20 83 50
20 84 41
20 85 33
20 90 3
20 94 48
20 95 13
20 96 17
20 97 11
20 98 21
21 1 41
21 2 20
21 6 9
21 7 22
21 11 35
21 13 48
21 15 47
21 17 25
21 23 33
21 24 9
21 26 44
21 27 10
21 28 37
21 29 45
21 30 45
21 34 24
21 38 27
21 39 19
21 41 4
21 42 25
21 44 33
21 45 14
21 46 14
21 48 40
21 52 47
21 54 20
21 56 33
21 57 37
21 60 10
21 62 42
21 66 12
21 67 34
21 76 27
21 79 30
21 80 46
21 83 5
21 84 37
21 85 1
21 89 27
21 90 8
21 94 5
21 95 13
21 97 13
21 98 30
21 99 26
22 3 49
22 4 35
22 8 25
22 9 30
22 10 3
22 13 3
22 15 30
22 16 7
22 18 39
22 19 12
22 20 6
22 25 8
22 26 4
22 27 3
22 28 37
22 30 48
22 32 33
22 33 15
22 34 46
22 35 6
22 37 16
22 40 27
22 47 33
22 48 9
22 52 9
22 56 10
22 57 1
22 58 25
22 59 44
22 66 22
22 69 36
22 70 50
22 71 40
22 73 10
22 76 39
22 77 5
22 78 36
22 79 9
22 83 39
22 85 9
22 86 6
22 87 7
22 88 40
22 90 47
22 94 12
22 95 39
23 2 10
23 3 46
23 4 38
23 8 43
23 9 42
23 13 40
23 15 24
23 17 37
23 18 19
23 20 24
23 21 33
23 26 5
23 27 47
23 29 23
23 33 21
23 34 47
23 37 36
23 38 19
23 40 16
23 44 28
23 45 47
23 47 33
23 48 48
23 50 45
23 51 28
23 52 5
23 53 2
23 57 17
23 58 24
23 64 8
23 69 44
23 71 49
23 73 6
23 76 45
23 77 9
23 78 19
23 81 27
23 82 31
23 84 11
23 86 21
23 87 41
23 90 22
23 91 50
23 93 15
23 94 42
23 97 6
23 98 45
23 99 4
24 2 43
24 3 50
24 5 4
24 7 7
24 8 47
24 11 4
24 12 44
24 14 15
24 15 15
24 19 44
24 21 9
24 27 26
24 28 21
24 29 18
24 32 21
24 33 12
24 35 23
24 37 39
24 40 6
24 42 34
24 44 43
24 45 45
24 48 33
24 51 30
24 52 29
24 54 5
24 55 20
24 56 29
24 62 16
24 63 7
24 65 25
24 67 25
24 69 32
24 70 39
24 71 29
24 73 50
24 75 39
24 78 6
24 80 43
24 81 32
24 85 1
24 88 15
24 90 24
24 91 25
24 93 19
24 95 5
24 96 22
25 2 26
25 3 32
25 4 46
25 7 25
25 8 41
25 9 18
25 10 19
25 12 24
25 14 5
25 15 20
25 16 15
25 18 23
25 22 8
25 28 1
25 29 11
25 33 36
25 34 14
25 35 7
25 40 10
25 43 38
25 52 50
25 54 26
25 55 34
25 57 1
25 58 20
25 59 4
25 60 47
25 66 25
25 67 1
25 69 41
25 72 7
25 74 40
25 75 36
25 78 28
25 79 34
25 80 20
25 83 8
25 85 38
25 86 43
25 89 17
25 93 13
25 94 8
25 95 50
25 96 7
25 97 23
26 2 50
26 3 1
26 4 41
26 6 3
26 9 49
26 12 36
26 14 11
26 15 39
26 17 8
26 20 15
26 21 44
26 22 4
26 23 5
26 27 12
26 29 25
26 32 39
26 36 25
26 37 46
26 39 3
26 40 20
26 41 30
26 43 31
26 50 37
26 51 29
26 53 9
26 54 15
26 57 40
26 58 42
26 59 42
26 61 17
26 63 12
26 64 36
26 65 12
26 67 46
26 68 50
26 71 23
26 76 11
26 79 21
26 82 47
26 83 40
26 86 44
26 87 28
26 88 11
26 90 18
26 92 1
26 97 49
26 99 20
27 4 17
27 6 45
27 9 28
27 12 40
27 13 12
27 18 20
27 19 25
27 20 31
27 21 10
27 22 3
27 23 47
27 24 26
27 26 12
27 33 21
27 35 46
27 36 13
27 39 41
27 41 25
27 42 41
27 45 21
27 46 11
27 47 49
27 51 26
27 53 10
27 55 28
27 56 2
27 57 26
27 60 9
27 63 4
27 68 40
27 71 21
27 72 45
27 75 35
27 76 2
27 78 22
27 79 49
27 80 20
27 81 21
27 85 8
27 87 38
27 88 16
27 95 32
27 99 3
28 3 11
28 5 14
28 7 16
28 8 38
28 9 39
28 12 49
28 15 14
28 20 7
28 21 37
28 22 37
28 24 21
28 25 1
28 29 27
28 30 42
28 33 46
28 34 12
28 38 36
28 40 27
28 44 23
28 47 13
28 48 20
28 54 18
28 59 14
28 61 28
28 64 43
28 65 19
28 67 49
28 68 32
28 70 11
28 73 19
28 76 36
28 77 1
28 80 43
28 81 41
28 83 28
28 84 14
28 85 23
28 87 47
28 88 21
28 91 30
28 92 12
28 93 11
28 98 13
28 99 47
29 2 12
29 5 9
29 8 24
29 9 43
29 10 23
29 12 46
29 13 37
29 14 37
29 16 14
29 18 3
29 19 36
29 20 40
29 21 45
29 23 23
29 24 18
29 25 11
29 26 25
29 28 27
29 33 24
29 34 17
29 35 24
29 36 23
29 37 40
29 38 3
29 39 9
29 40 16
29 42 4
29 44 26
29 45 43
29 46 47
29 50 44
29 52 24
29 53 1
29 55 33
29 56 47
29 58 14
29 59 42
29 60 41
29 61 39
29 63 37
29 64 7
29 69 8
29 70 11
29 71 43
29 72 35
29 76 4
29 77 29
29 82 44
29 84 37
29 87 5
29 88 41
29 92 41
29 93 28
29 94 28
29 95 44
29 99 24
30 5 6
30 7 25
30 11 47
30 12 15
30 15 10
30 16 26
30 18 31
30 20 2
30 21 45
30 22 48
30 28 42
30 32 18
30 33 10
30 35 36
30 36 12
30 37 19
30 38 41
30 39 14
30 42 39
30 44 32
30 45 6
30 50 39
30 51 3
30 52 40
30 56 23
30 58 16
30 59 21
30 63 19
30 65 6
30 66 8
30 67 23
30 72 6
30 73 48
30 77 29
30 78 25
30 79 17
30 81 39
30 82 45
30 84 26
30 85 43
30 86 17
30 87 17
30 88 13
30 90 38
30 95 24
30 97 32
30 98 41
31 1 32
31 3 46
31 6 8
31 11 3
31 14 39
31 17 28
31 18 30
31 33 2
31 34 3
31 36 38
31 38 27
31 39 27
31 40 47
31 41 11
31 42 5
31 43 31
31 44 32
31 46 44
31 48 48
31 49 49
31 52 23
31 53 28
31 54 27
31 57 22
31 58 34
31 61 42
31 63 44
31 64 19
31 66 29
31 68 36
31 69 34
31 70 4
31 74 41
31 76 18
31 77 50
31 78 2
31 82 1
31 87 11
31 88 21
31 90 45
31 93 22
31 95 26
31 96 10
31 99 31
32 1 3
32 3 21
32 4 13
32 5 49
32 10 15
32 11 46
32 12 16
32 13 33
32 14 4
32 18 50
32 19 41
32 20 40
32 22 33
32 24 21
32 26 39
32 30 18
32 40 22
32 41 28
32 43 7
32 44 43
32 45 15
32 46 34
32 47 38
32 52 6
32 53 10
32 54 46
32 63 23
32 66 39
32 68 41
32 69 32
32 71 50
32 77 21
32 78 45
32 80 42
32 81 50
32 82 17
32 83 19
32 88 12
32 92 44
32 94 9
32 97 30
32 98 5
32 99 29
33 1 14
33 2 11
33 6 26
33 7 46
33 9 46
33 10 15
33 11 27
33 12 44
33 13 21
33 14 2
33 15 22
33 17 15
33 18 29
33 22 15
33 23 21
33 24 12
33 25 36
33 27 21
33 28 46
33 29 24
33 30 10
33 31 2
33 35 29
33 37 35
33 39 2
33 43 23
33 45 13
33 46 39
33 47 4
33 50 17
33 51 18
33 53 37
33 59 30
33 60 7
33 62 31
33 64 40
33 66 45
33 68 18
33 75 28
33 76 23
33 77 4
33 78 7
33 81 28
33 82 22
33 85 45
33 88 35
33 89 17
33 92 12
33 94 40
33 96 48
33 97 20
34 1 45
34 2 23
34 7 38
34 9 39
34 10 26
34 11 23
34 12 3
34 13 6
34 16 46
34 17 32
34 19 20
34 20 3
34 21 24
34 22 46
34 23 47
34 25 14
34 28 12
34 29 17
34 31 3
34 35 39
34 36 34
34 38 42
34 39 11
34 45 12
34 47 47
34 49 38
34 51 35
34 52 8
34 53 42
34 56 13
34 57 25
34 58 2
34 59 16
34 60 12
34 62 33
34 63 16
34 66 27
34 67 15
34 68 7
34 69 50
34 70 49
34 73 31
34 75 25
34 76 27
34 79 6
34 80 40
34 84 36
34 85 18
34 86 8
34 90 49
34 91 40
34 92 8
34 98 33
35 1 37
35 2 10
35 4 20
35 6 3
35 9 25
35 10 37
35 11 12
35 12 7
35 13 41
35 15 15
35 16 11
35 17 38
35 19 19
35 22 6
35 24 23
35 25 7
35 27 46
35 29 24
35 30 36
35 33 29
35 34 39
35 36 14
35 37 44
35 39 7
35 44 14
35 45 43
35 48 28
35 49 50
35 54 15
35 56 19
35 59 2
35 60 41
35 64 14
35 66 28
35 67 28
35 68 38
35 71 44
35 73 24
35 78 33
35 83 42
35 84 9
35 90 35
35 91 11
35 94 36
35 95 14
35 98 42
36 1 44
36 4 22
36 5 6
36 7 21
36 8 21
36 9 9
36 10 12
36 13 38
36 16 3
36 17 43
36 18 29
36 19 26
36 20 10
36 26 25
36 27 13
36 29 23
36 30 12
36 31 38
36 34 34
36 35 14
36 37 23
36 38 15
36 41 37
36 42 26
36 43 43
36 46 45
36 47 48
36 52 49
36 53 27
36 55 31
36 57 7
36 58 1
36 59 38
36 62 16
36 63 32
36 64 8
36 66 5
36 68 12
36 76 16
36 78 39
36 80 47
36 81 33
36 83 41
36 84 18
36 88 26
36 92 21
36 97 12
36 99 48
37 1 21
37 2 50
37 3 36
37 5 25
37 6 36
37 8 3
37 9 14
37 10 6
37 12 28
37 13 3
37 15 29
37 16 47
37 19 28
37 22 16
37 23 36
37 24 39
37 26 46
37 29 40
37 30 19
37 33 35
37 35 44
37 36 23
37 38 3
37 40 26
37 43 5
37 44 33
37 45 25
37 46 50
37 47 19
37 49 37
37 52 43
37 53 41
37 54 9
37 55 12
37 56 10
37 57 11
37 58 41
37 60 28
37 61 26
37 62 41
37 65 21
37 66 27
37 67 6
37 68 10
37 69 36
37 71 28
37 73 21
37 75 10
37 76 5
37 77 36
37 80 14
37 82 45
37 83 50
37 87 30
37 89 32
37 91 28
37 92 22
37 95 26
37 97 31
37 99 41
38 2 30
38 5 38
38 6 12
38 9 36
38 10 7
38 13 3
38 18 50
38 19 18
38 20 10
38 21 27
38 23 19
38 28 36
38 29 3
38 30 41
38 31 27
38 34 42
38 36 15
38 37 3
38 39 18
38 40 38
38 42 2
38 45 21
38 46 13
38 47 21
38 48 45
38 50 40
38 55 9
38 57 14
38 59 21
38 62 31
38 64 48
38 68 5
38 69 48
38 72 30
38 74 50
38 79 12
38 84 23
38 85 49
38 86 1
38 89 22
38 91 21
38 95 31
38 97 49
39 1 40
39 2 40
39 5 6
39 8 33
39 10 18
39 11 2
39 14 26
39 16 50
39 19 49
39 20 33
39 21 19
39 26 3
39 27 41
39 29 9
39 30 14
39 31 27
39 33 2
39 34 11
39 35 7
39 38 18
39 44 40
39 48 48
39 49 11
39 51 30
39 53 27
39 54 50
39 56 47
39 57 26
39 58 29
39 59 17
39 60 27
39 61 15
39 69 19
39 71 40
39 73 19
39 75 4
39 80 26
39 81 39
39 82 21
39 84 31
39 85 37
39 86 26
39 87 36
39 88 23
39 90 9
39 94 33
39 95 34
39 96 27
39 99 16
40 1 38
40 5 41
40 7 42
40 8 6
40 10 43
40 12 16
40 13 32
40 16 17
40 17 15
40 19 6
40 20 16
40 22 27
40 23 16
40 24 6
40 25 10
40 26 20
40 28 27
40 29 16
40 31 47
40 32 22
40 37 26
40 38 38
40 43 9
40 45 31
40 46 32
40 47 2
40 49 46
40 50 48
40 54 33
40 55 46
40 60 30
40 64 42
40 65 2
40 71 21
40 73 5
40 75 5
40 76 33
40 77 24
40 79 17
40 80 41
40 81 13
40 82 17
40 83 47
40 85 48
40 88 37
40 89 34
40 90 25
40 91 16
40 95 16
40 97 50
40 98 13
40 99 4
41 1 8
41 4 38
41 5 11
41 6 5
41 9 5
41 10 9
41 12 35
41 19 4
41 20 28
41 21 4
41 26 30
41 27 25
41 31 11
41 32 28
41 36 37
41 42 35
41 47 43
41 48 18
41 49 5
41 50 3
41 51 46
41 55 15
41 58 6
41 60 17
41 61 27
41 62 36
41 63 36
41 66 46
41 68 14
41 70 25
41 72 35
41 74 26
41 75 28
41 76 21
41 77 16
41 81 27
41 84 23
41 85 13
41 89 6
41 91 20
41 92 11
41 94 49
41 99 36
42 1 30
42 3 9
42 8 31
42 9 20
42 11 23
42 12 38
42 13 26
42 16 2
42 18 5
42 20 43
42 21 25
42 24 34
42 27 41
42 29 4
42 30 39
42 31 5
42 36 26
42 38 2
42 41 35
42 46 39
42 50 8
42 53 24
42 54 24
42 58 41
42 61 44
42 63 3
42 64 20
42 65 5
42 69 43
42 70 21
42 74 35
42 76 49
42 78 27
42 83 34
42 85 43
42 86 15
42 87 39
42 88 32
42 89 2
42 90 20
42 91 8
42 92 3
42 93 19
42 97 4
43 1 43
43 3 1
43 12 40
43 13 46
43 15 18
43 17 40
43 18 22
43 19 8
43 25 38
43 26 31
43 31 31
43 32 7
43 33 23
43 36 43
43 37 5
43 40 9
43 44 41
43 45 46
43 49 43
43 50 34
43 51 41
43 53 13
43 54 39
43 55 26
43 60 28
43 61 31
43 63 39
43 64 10
43 66 32
43 74 20
43 76 25
43 78 36
43 81 33
43 86 23
43 87 10
43 88 6
43 91 23
43 93 48
43 94 42
43 98 5
43 99 47
44 2 31
44 3 8
44 4 29
44 6 18
44 8 23
44 10 31
44 11 28
44 14 42
44 15 21
44 18 33
44 20 24
44 21 33
44 23 28
44 24 43
44 28 23
44 29 26
44 30 32
44 31 32
44 32 43
44 35 14
44 37 33
44 39 40
44 43 41
44 48 33
44 49 2
44 52 9
44 54 8
44 56 48
44 59 11
44 60 16
44 61 4
44 64 36
44 65 1
44 66 23
44 68 11
44 71 34
44 72 11
44 77 10
44 78 8
44 79 1
44 81 5
44 82 18
44 83 27
44 84 38
44 85 1
44 87 31
44 89 46
44 94 31
44 96 40
44 97 4
44 98 23
44 99 6
45 1 8
45 5 37
45 7 16
45 11 15
45 12 43
45 15 25
45 18 46
45 19 49
45 21 14
45 23 47
45 24 45
45 27 21
45 29 43
45 30 6
45 32 15
45 33 13
45 34 12
45 35 43
45 37 25
45 38 21
45 40 31
45 43 46
45 46 21
45 50 37
45 51 21
45 53 9
45 54 44
45 55 11
45 57 39
45 58 50
45 59 6
45 65 7
45 69 36
45 71 40
45 72 46
45 73 48
45 74 48
45 75 4
45 77 9
45 80 39
45 83 27
45 87 21
45 89 37
45 92 40
45 93 27
45 94 28
45 95 14
45 96 1
45 97 28
45 98 45
46 1 14
46 2 42
46 3 43
46 4 12
46 7 36
46 9 33
46 11 49
46 15 21
46 16 44
46 19 3
46 21 14
46 27 11
46 29 47
46 31 44
46 32 34
46 33 39
46 36 45
46 37 50
46 38 13
46 40 32
46 42 39
46 45 21
46 48 25
46 49 28
46 52 16
46 57 16
46 60 24
46 61 23
46 62 5
46 63 30
46 64 37
46 65 32
46 66 34
46 68 6
46 69 9
46 72 1
46 74 25
46 75 47
46 77 38
46 81 13
46 83 50
46 84 36
46 85 45
46 86 30
46 87 41
46 91 41
46 94 12
46 95 13
46 96 10
46 97 28
47 3 31
47 4 20
47 5 37
47 6 44
47 8 12
47 10 28
47 11 48
47 13 9
47 14 28
47 16 46
47 17 9
47 19 17
47 20 48
47 22 33
47 23 33
47 27 49
47 28 13
47 32 38
47 33 4
47 34 47
47 36 48
47 37 19
47 38 21
47 40 2
47 41 43
47 48 28
47 50 1
47 51 8
47 53 26
47 54 14
47 58 3
47 59 42
47 61 38
47 73 7
47 76 10
47 77 44
47 80 41
47 83 9
47 85 45
47 86 19
47 87 35
47 89 29
47 91 29
47 93 3
47 94 20
47 96 19
47 98 13
47 99 11
48 2 26
48 3 46
48 9 16
48 10 16
48 11 2
48 13 32
48 14 11
48 15 4
48 16 10
48 20 21
48 21 40
48 22 9
48 23 48
48 24 33
48 28 20
48 31 48
48 35 28
48 38 45
48 39 48
48 41 18
48 44 33
48 46 25
48 47 28
48 49 41
48 50 12
48 51 13
48 53 25
48 60 42
48 62 45
48 68 42
48 71 23
48 80 37
48 83 27
48 84 34
48 86 21
48 87 25
48 89 31
48 90 46
48 92 22
48 93 44
48 94 24
49 1 25
49 2 34
49 3 38
49 4 47
49 5 46
49 6 31
49 7 50
49 8 37
49 9 18
49 11 43
49 12 27
49 13 42
49 15 2
49 16 50
49 20 3
49 31 49
49 34 38
49 35 50
49 37 37
49 39 11
49 40 46
49 41 5
49 43 43
49 44 2
49 46 28
49 48 41
49 54 9
49 58 50
49 59 17
49 61 45
49 63 36
49 64 28
49 66 13
49 67 41
49 71 19
49 74 29
49 76 20
49 79 12
49 81 6
49 83 6
49 84 9
49 85 33
49 90 45
49 91 33
49 92 14
49 93 42
49 94 47
49 97 3
50 10 3
50 11 13
50 13 48
50 16 30
50 19 7
50 23 45
50 26 37
50 29 44
50 30 39
50 33 17
50 38 40
50 40 48
50 41 3
50 42 8
50 43 34
50 45 37
50 47 1
50 48 12
50 52 13
50 53 33
50 56 48
50 57 2
50 58 35
50 62 46
50 64 4
50 65 6
50 67 49
50 68 4
50 69 48
50 72 27
50 73 33
50 74 15
50 76 43
50 77 1
50 79 40
50 80 48
50 82 6
50 83 13
50 85 38
50 88 22
50 90 36
50 91 4
50 95 35
50 96 13
50 97 26
50 98 16
51 1 29
51 2 47
51 4 43
51 5 19
51 6 44
51 7 39
51 9 12
51 12 35
51 15 26
51 17 42
51 19 50
51 20 14
51 23 28
51 24 30
51 26 29
51 27 26
51 30 3
51 33 18
51 34 35
51 39 30
51 41 46
51 43 41
51 45 21
51 47 8
51 48 13
51 55 6
51 56 7
51 57 31
51 58 25
51 59 19
51 60 44
51 65 50
51 66 42
51 72 23
51 76 18
51 79 17
51 81 10
51 84 6
51 85 37
51 86 40
51 87 42
51 88 17
51 89 1
51 93 11
51 97 46
51 98 12
52 1 7
52 3 50
52 4 11
52 7 31
52 8 44
52 10 20
52 11 22
52 12 1
52 14 24
52 18 3
52 21 47
52 22 9
52 23 5
52 24 29
52 25 50
52 29 24
52 30 40
52 31 23
52 32 6
52 34 8
52 36 49
52 37 43
52 44 9
52 46 16
52 50 13
52 54 41
52 57 47
52 58 37
52 59 36
52 61 5
52 64 5
52 66 26
52 67 24
52 68 38
52 72 23
52 75 32
52 76 14
52 79 13
52 81 32
52 87 18
52 95 14
52 96 3
53 1 47
53 2 32
53 3 31
53 4 9
53 6 32
53 9 50
53 10 12
53 11 38
53 12 11
53 13 28
53 14 6
53 23 2
53 26 9
53 27 10
53 29 1
53 31 28
53 32 10
53 33 37
53 34 42
53 36 27
53 37 41
53 39 27
53 42 24
53 43 13
53 45 9
53 47 26
53 48 25
53 50 33
53 54 9
53 55 5
53 56 31
53 57 44
53 60 3
53 63 21
53 66 2
53 68 39
53 69 40
53 70 8
53 71 23
53 72 40
53 74 9
53 79 37
53 80 25
53 81 44
53 82 17
53 83 42
53 84 2
53 85 26
53 86 31
53 88 42
53 89 43
53 90 23
53 91 29
53 92 30
53 93 8
53 94 16
53 95 14
53 96 37
53 97 21
53 99 17
54 2 18
54 4 34
54 5 11
54 6 26
54 10 30
54 11 9
54 18 33
54 20 25
54 21 20
54 24 5
54 25 26
54 26 15
54 28 18
54 31 27
54 32 46
54 35 15
54 37 9
54 39 50
54 40 33
54 42 24
54 43 39
54 44 8
54 45 44
54 47 14
54 49 9
54 52 41
54 53 9
54 57 37
54 58 30
54 59 28
54 64 34
54 65 10
54 68 45
54 73 25
54 74 35
54 75 12
54 76 8
54 78 48
54 80 15
54 81 47
54 84 30
54 85 47
54 86 21
54 91 1
54 97 46
54 98 48
54 99 25
55 5 33
55 6 21
55 7 26
55 8 49
55 10 13
55 11 22
55 14 32
55 15 17
55 16 16
55 24 20
55 25 34
55 27 28
55 29 33
55 36 31
55 37 12
55 38 9
55 40 46
55 41 15
55 43 26
55 45 11
55 51 6
55 53 5
55 57 15
55 58 47
55 59 39
55 60 4
55 62 18
55 70 29
55 71 17
55 74 44
55 75 9
55 78 17
55 80 14
55 83 28
55 85 17
55 86 27
55 89 39
55 90 27
55 91 38
55 98 17
55 99 18
56 2 29
56 3 45
56 9 29
56 11 11
56 21 33
56 22 10
56 24 29
56 27 2
56 29 47
56 30 23
56 34 13
56 35 19
56 37 10
56 39 47
56 44 48
56 50 48
56 51 7
56 53 31
56 59 45
56 60 37
56 61 5
56 63 34
56 64 19
56 65 42
56 66 50
56 68 47
56 71 25
56 79 21
56 80 7
56 82 7
56 85 1
56 86 16
56 88 20
56 91 9
56 92 42
56 93 47
56 94 37
56 95 43
56 96 22
56 98 13
57 1 21
57 2 8
57 3 5
57 4 15
57 5 8
57 7 40
57 8 27
57 11 49
57 12 41
57 16 13
57 18 32
57 19 48
57 20 16
57 21 37
57 22 1
57 23 17
57 25 1
57 26 40
57 27 26
57 31 22
57 34 25
57 36 7
57 37 11
57 38 14
57 39 26
57 45 39
57 46 16
57 50 2
57 51 31
57 52 47
57 53 44
57 54 37
57 55 15
57 58 32
57 61 20
57 64 35
57 65 8
57 70 34
57 72 19
57 75 14
57 77 1
57 78 43
57 81 10
57 82 33
57 83 48
57 88 2
57 89 5
57 90 3
57 91 7
57 93 12
57 95 21
57 96 40
57 98 23
57 99 15
58 1 39
58 2 10
58 6 20
58 7 12
58 8 7
58 10 48
58 12 27
58 13 35
58 14 15
58 19 1
58 20 29
58 22 25
58 23 24
58 25 20
58 26 42
58 29 14
58 30 16
58 31 34
58 34 2
58 36 1
58 37 41
58 39 29
58 41 6
58 42 41
58 45 50
58 47 3
58 49 50
58 50 35
58 51 25
58 52 37
58 54 30
58 55 47
58 57 32
58 59 39
58 61 17
58 64 1
58 66 28
58 67 1
58 69 17
58 70 27
58 73 40
58 81 19
58 82 11
58 83 26
58 84 25
58 86 10
58 89 25
58 90 33
58 91 12
58 94 35
58 95 13
59 7 27
59 11 12
59 12 45
59 13 26
59 14 3
59 15 46
59 18 37
59 19 1
59 22 44
59 25 4
59 26 42
59 28 14
59 29 42
59 30 21
59 33 30
59 34 16
59 35 2
59 36 38
59 38 21
59 39 17
59 44 11
59 45 6
59 47 42
59 49 17
59 51 19
59 52 36
59 54 28
59 55 39
59 56 45
59 58 39
59 62 8
59 64 48
59 65 32
59 67 5
59 69 46
59 70 27
59 71 16
59 72 14
59 73 7
59 74 41
59 75 30
59 77 5
59 79 18
59 81 24
59 84 20
59 86 30
59 88 47
59 89 11
59 92 16
59 94 40
59 95 29
59 96 9
59 99 15
60 2 34
60 4 12
60 5 18
60 8 19
60 10 31
60 11 5
60 12 33
60 13 25
60 15 38
60 17 5
60 18 35
60 19 36
60 21 10
60 25 47
60 27 9
60 29 41
60 33 7
60 34 12
60 35 41
60 37 28
60 39 27
60 40 30
60 41 17
60 43 28
60 44 16
60 46 24
60 48 42
60 51 44
60 53 3
60 55 4
60 56 37
60 61 24
60 63 26
60 65 2
60 67 45
60 69 39
60 70 28
60 71 30
60 74 8
60 75 11
60 78 40
60 79 17
60 80 17
60 81 20
60 82 20
60 89 46
60 90 28
60 91 6
60 93 20
60 97 48
60 98 12
60 99 18
61 4 50
61 5 34
61 6 41
61 8 41
61 9 42
61 10 34
61 15 28
61 16 18
61 17 6
61 18 4
61 20 34
61 26 17
61 28 28
61 29 39
61 31 42
61 37 26
61 39 15
61 41 27
61 42 44
61 43 31
61 44 4
61 46 23
61 47 38
61 49 45
61 52 5
61 56 5
61 57 20
61 58 17
61 60 24
61 62 3
61 64 3
61 66 34
61 70 16
61 74 47
61 76 6
61 78 28
61 82 31
61 83 39
61 90 41
61 95 31
61 97 16
61 98 8
61 99 11
62 4 10
62 7 32
62 11 43
62 12 3
62 13 26
62 14 18
62 15 40
62 17 29
62 18 4
62 19 1
62 20 13
62 21 42
62 24 16
62 33 31
62 34 33
62 36 16
62 37 41
62 38 31
62 41 36
62 46 5
62 48 45
62 50 46
62 55 18
62 59 8
62 61 3
62 64 49
62 69 39
62 71 32
62 74 47
62 77 12
62 80 50
62 83 14
62 88 29
62 90 2
62 91 15
62 95 26
63 3 48
63 4 47
63 5 50
63 9 15
63 11 13
63 12 39
63 13 5
63 14 19
63 15 27
63 17 2
63 18 1
63 24 7
63 26 12
63 27 4
63 29 37
63 30 19
63 31 44
63 32 23
63 34 16
63 36 32
63 41 36
63 42 3
63 43 39
63 46 30
63 49 36
63 53 21
63 56 34
63 60 26
63 64 37
63 68 46
63 70 12
63 72 15
63 81 39
63 86 11
63 87 50
63 92 31
63 93 48
63 96 18
63 99 4
64 2 38
64 3 17
64 5 9
64 6 43
64 7 26
64 8 7
64 9 31
64 19 22
64 23 8
64 26 36
64 28 43
64 29 7
64 31 19
64 33 40
64 35 14
64 36 8
64 38 48
64 40 42
64 42 20
64 43 10
64 44 36
64 46 37
64 49 28
64 50 4
64 52 5
64 54 34
64 56 19
64 57 35
64 58 1
64 59 48
64 61 3
64 62 49
64 63 37
64 66 42
64 71 46
64 72 33
64 76 19
64 78 19
64 79 2
64 81 34
64 83 44
64 84 29
64 86 38
64 87 29
64 92 10
64 93 44
64 95 29
64 97 39
64 99 30
65 4 15
65 5 19
65 6 28
65 7 13
65 9 49
65 10 43
65 11 12
65 14 48
65 15 45
65 17 17
65 19 11
65 24 25
65 26 12
65 28 19
65 30 6
65 37 21
65 40 2
65 42 5
65 44 1
65 45 7
65 46 32
65 50 6
65 51 50
65 54 10
65 56 42
65 57 8
65 59 32
65 60 2
65 67 26
65 68 21
65 69 2
65 71 11
65 73 36
65 74 1
65 75 8
65 76 26
65 77 31
65 78 24
65 79 27
65 80 7
65 82 46
65 83 21
65 85 4
65 86 20
65 89 41
65 90 23
65 95 22
65 97 36
65 98 17
65 99 13
66 3 8
66 5 3
66 7 12
66 9 19
66 10 42
66 11 23
66 15 10
66 16 30
66 17 15
66 18 43
66 21 12
66 22 22
66 25 25
66 30 8
66 31 29
66 32 39
66 33 45
66 34 27
66 35 28
66 36 5
66 37 27
66 41 46
66 43 32
66 44 23
66 46 34
66 49 13
66 51 42
66 52 26
66 53 2
66 56 50
66 58 28
66 61 34
66 64 42
66 70 29
66 72 1
66 73 14
66 74 43
66 75 7
66 80 11
66 81 15
66 83 21
66 84 24
66 86 44
66 87 26
66 88 32
66 89 30
66 90 25
66 99 14
67 2 34
67 5 17
67 6 35
67 7 42
67 8 26
67 9 1
67 10 26
67 12 35
67 13 49
67 15 32
67 16 16
67 17 3
67 18 29
67 19 19
67 20 9
67 21 34
67 24 25
67 25 1
67 26 46
67 28 49
67 30 23
67 34 15
67 35 28
67 37 6
67 49 41
67 50 49
67 52 24
67 58 1
67 59 5
67 60 45
67 65 26
67 72 32
67 73 34
67 74 31
67 77 44
67 78 27
67 79 6
67 80 21
67 89 1
67 90 44
67 92 7
67 93 47
67 96 33
67 97 50
67 99 10
68 4 34
68 5 18
68 6 47
68 7 32
68 8 42
68 15 9
68 16 35
68 17 1
68 19 47
68 26 50
68 27 40
68 28 32
68 31 36
68 32 41
68 33 18
68 34 7
68 35 38
68 36 12
68 37 10
68 38 5
68 41 14
68 44 11
68 46 6
68 48 42
68 50 4
68 52 38
68 53 39
68 54 45
68 56 47
68 63 46
68 65 21
68 72 5
68 74 18
68 75 46
68 78 43
68 79 11
68 82 38
68 84 8
68 88 42
68 89 32
68 90 4
68 93 10
68 94 5
68 95 41
68 96 46
68 99 18
69 1 12
69 2 44
69 3 29
69 4 35
69 9 1
69 11 37
69 14 9
69 16 15
69 19 11
69 20 27
69 22 36
69 23 44
69 24 32
69 25 41
69 29 8
69 31 34
69 32 32
69 34 50
69 37 36
69 38 48
69 39 19
69 42 43
69 45 36
69 46 9
69 50 48
69 53 40
69 58 17
69 59 46
69 60 39
69 62 39
69 65 2
69 70 13
69 75 40
69 76 45
69 77 8
69 80 49
69 85 5
69 86 43
69 91 37
69 96 1
69 97 3
69 99 14
70 1 11
70 2 15
70 6 39
70 9 31
70 10 21
70 11 15
70 13 13
70 14 3
70 19 4
70 20 49
70 22 50
70 24 39
70 28 11
70 29 11
70 31 4
70 34 49
70 41 25
70 42 21
70 53 8
70 55 29
70 57 34
70 58 27
70 59 27
70 60 28
70 61 16
70 63 12
70 66 29
70 69 13
70 75 47
70 78 32
70 80 3
70 81 17
70 84 26
70 86 16
70 88 22
70 92 17
70 94 25
70 95 30
70 99 39
71 1 16
71 2 43
71 3 5
71 5 10
71 6 21
71 7 23
71 11 30
71 13 31
71 14 15
71 15 38
71 17 45
71 19 25
71 20 6
71 22 40
71 23 49
71 24 29
71 26 23
71 27 21
71 29 43
71 32 50
71 35 44
71 37 28
71 39 40
71 40 21
71 44 34
71 45 40
71 48 23
71 49 19
71 53 23
71 55 17
71 56 25
71 59 16
71 60 30
71 62 32
71 64 46
71 65 11
71 72 37
71 73 12
71 74 40
71 76 48
71 77 3
71 78 5
71 80 19
71 81 29
71 85 44
71 87 22
71 88 22
71 89 25
71 91 17
71 92 24
71 94 6
71 95 5
71 96 34
71 99 8
72 3 33
72 4 17
72 5 21
72 7 43
72 10 1
72 12 5
72 15 17
72 16 19
72 18 10
72 20 47
72 25 7
72 27 45
72 29 35
72 30 6
72 38 30
72 41 35
72 44 11
72 45 46
72 46 1
72 50 27
72 51 23
72 52 23
72 53 40
72 57 19
72 59 14
72 63 15
72 64 33
72 66 1
72 67 32
72 68 5
72 71 37
72 75 31
72 77 4
72 79 35
72 80 48
72 86 23
72 87 30
72 91 20
72 94 27
72 95 29
72 96 25
72 98 47
73 1 24
73 3 45
73 5 5
73 6 7
73 11 35
73 12 33
73 13 42
73 14 48
73 16 13
73 17 42
73 18 13
73 19 42
73 20 23
73 22 10
73 23 6
73 24 50
73 28 19
73 30 48
73 34 31
73 35 24
73 37 21
73 39 19
73 40 5
73 45 48
73 47 7
73 50 33
73 54 25
73 58 40
73 59 7
73 65 36
73 66 14
73 67 34
73 71 12
73 74 40
73 75 14
73 78 38
73 81 1
73 82 41
73 84 22
73 87 34
73 88 45
73 89 36
73 90 10
73 92 26
73 93 25
73 94 35
73 96 14
73 97 20
74 4 7
74 5 2
74 7 7
74 10 26
74 15 16
74 18 50
74 25 40
74 31 41
74 38 50
74 41 26
74 42 35
74 43 20
74 45 48
74 46 25
74 49 29
74 50 15
74 53 9
74 54 35
74 55 44
74 59 41
74 60 8
74 61 47
74 62 47
74 65 1
74 66 43
74 67 31
74 68 18
74 71 40
74 73 40
74 75 29
74 76 30
74 78 35
74 81 16
74 82 43
74 84 31
74 89 43
74 93 31
74 95 29
74 98 31
75 1 50
75 4 22
75 6 34
75 7 16
75 8 45
75 10 20
75 11 6
75 13 20
75 15 30
75 16 22
75 19 42
75 20 2
75 24 39
75 25 36
75 27 35
75 33 28
75 34 25
75 37 10
75 39 4
75 40 5
75 41 28
75 45 4
75 46 47
75 52 32
75 54 12
75 55 9
75 57 14
75 59 30
75 60 11
75 65 8
75 66 7
75 68 46
75 69 40
75 70 47
75 72 31
75 73 14
75 74 29
75 80 46
75 81 4
75 82 11
75 83 17
75 84 28
75 88 17
75 89 18
75 90 8
75 91 34
75 92 19
75 94 38
75 95 39
75 96 32
75 97 36
76 1 8
76 2 24
76 3 7
76 4 22
76 6 33
76 10 38
76 11 37
76 14 7
76 15 36
76 18 20
76 21 27
76 22 39
76 23 45
76 26 11
76 27 2
76 28 36
76 29 4
76 31 18
76 33 23
76 34 27
76 36 16
76 37 5
76 40 33
76 41 21
76 42 49
76 43 25
76 47 10
76 49 20
76 50 43
76 51 18
76 52 14
76 54 8
76 61 6
76 64 19
76 65 26
76 69 45
76 71 48
76 74 30
76 83 37
76 85 19
76 86 10
76 87 30
76 88 2
76 89 21
76 90 36
76 91 43
76 93 9
76 94 5
76 99 40
77 1 44
77 3 33
77 6 48
77 8 17
77 12 13
77 15 45
77 17 7
77 18 18
77 22 5
77 23 9
77 28 1
77 29 29
77 30 29
77 31 50
77 32 21
77 33 4
77 37 36
77 40 24
77 41 16
77 44 10
77 45 9
77 46 38
77 47 44
77 50 1
77 57 1
77 59 5
77 62 12
77 65 31
77 67 44
77 69 8
77 71 3
77 72 4
77 78 19
77 79 40
77 81 27
77 82 26
77 87 24
77 93 1
77 95 36
77 98 36
77 99 25
78 9 26
78 14 30
78 16 44
78 18 32
78 22 36
78 23 19
78 24 6
78 25 28
78 27 22
78 30 25
78 31 2
78 32 45
78 33 7
78 35 33
78 36 39
78 42 27
78 43 36
78 44 8
78 54 48
78 55 17
78 57 43
78 60 40
78 61 28
78 64 19
78 65 24
78 67 27
78 68 43
78 70 32
78 71 5
78 73 38
78 74 35
78 77 19
78 79 40
78 82 5
78 83 8
78 85 2
78 87 46
78 88 2
78 94 8
78 97 33
78 98 34
78 99 10
79 6 36
79 12 32
79 13 32
79 14 5
79 15 26
79 17 22
79 18 16
79 19 50
79 21 30
79 22 9
79 25 34
79 26 21
79 27 49
79 30 17
79 34 6
79 38 12
79 40 17
79 44 1
79 49 12
79 50 40
79 51 17
79 52 13
79 53 37
79 56 21
79 59 18
79 60 17
79 64 2
79 65 27
79 67 6
79 68 11
79 72 35
79 77 40
79 78 40
79 81 34
79 84 5
79 85 48
79 86 10
79 87 6
79 91 7
79 92 12
79 93 47
79 94 42
79 96 19
79 97 4
79 98 46
80 1 44
80 2 17
80 9 44
80 10 44
80 11 33
80 13 40
80 14 34
80 15 10
80 16 16
80 18 25
80 19 22
80 20 7
80 21 46
80 24 43
80 25 20
80 27 20
80 28 43
80 32 42
80 34 40
80 36 47
80 37 14
80 39 26
80 40 41
80 45 39
80 47 41
80 48 37
80 50 48
80 53 25
80 54 15
80 55 14
80 56 7
80 60 17
80 62 50
80 65 7
80 66 11
80 67 21
80 69 49
80 70 3
80 71 19
80 72 48
80 75 46
80 81 44
80 82 36
80 83 4
80 85 13
80 91 28
80 94 32
80 98 40
81 2 38
81 3 6
81 5 13
81 6 23
81 7 6
81 8 19
81 9 12
81 12 41
81 14 43
81 15 39
81 18 25
81 19 8
81 20 31
81 23 27
81 24 32
81 27 21
81 28 41
81 30 39
81 32 50
81 33 28
81 36 33
81 39 39
81 40 13
81 41 27
81 43 33
81 44 5
81 46 13
81 49 6
81 51 10
81 52 32
81 53 44
81 54 47
81 57 10
81 58 19
81 59 24
81 60 20
81 63 39
81 64 34
81 66 15
81 70 17
81 71 29
81 73 1
81 74 16
81 75 4
81 77 27
81 79 34
81 80 44
81 82 24
81 83 43
81 85 26
81 88 35
81 91 13
81 93 9
81 94 46
81 96 30
81 98 39
81 99 1
82 4 30
82 6 29
82 7 28
82 8 19
82 13 40
82 14 38
82 15 33
82 17 10
82 18 25
82 19 3
82 23 31
82 26 47
82 29 44
82 30 45
82 31 1
82 32 17
82 33 22
82 37 45
82 39 21
82 40 17
82 44 18
82 50 6
82 53 17
82 56 7
82 57 33
82 58 11
82 60 20
82 61 31
82 65 46
82 68 38
82 73 41
82 74 43
82 75 11
82 77 26
82 78 5
82 80 36
82 81 24
82 87 46
82 90 18
82 94 32
82 95 38
82 96 38
82 98 35
83 5 19
83 13 3
83 18 13
83 19 22
83 20 50
83 21 5
83 22 39
83 25 8
83 26 40
83 28 28
83 32 19
83 35 42
83 36 41
83 37 50
83 40 47
83 42 34
83 44 27
83 45 27
83 46 50
83 47 9
83 48 27
83 49 6
83 50 13
83 53 42
83 55 28
83 57 48
83 58 26
83 61 39
83 62 14
83 64 44
83 65 21
83 66 21
83 75 17
83 76 37
83 78 8
83 80 4
83 81 43
83 84 17
83 91 10
83 92 24
83 96 27
83 98 36
83 99 21
84 4 9
84 5 7
84 7 3
84 10 2
84 11 42
84 14 21
84 16 33
84 20 41
84 21 37
84 23 11
84 28 14
84 29 37
84 30 26
84 34 36
84 35 9
84 36 18
84 38 23
84 39 31
84 41 23
84 44 38
84 46 36
84 48 34
84 49 9
84 51 6
84 53 2
84 54 30
84 58 25
84 59 20
84 64 29
84 66 24
84 68 8
84 70 26
84 73 22
84 74 31
84 75 28
84 79 5
84 83 17
84 86 29
84 87 21
84 89 21
84 94 5
84 97 32
84 98 15
84 99 25
85 1 32
85 4 10
85 7 19
85 9 22
85 11 22
85 12 44
85 13 5
85 19 48
85 20 33
85 21 1
85 22 9
85 24 1
85 25 38
85 27 8
85 28 23
85 30 43
85 33 45
85 34 18
85 38 49
85 39 37
85 40 48
85 41 13
85 42 43
85 44 1
85 46 45
85 47 45
85 49 33
85 50 38
85 51 37
85 53 26
85 54 47
85 55 17
85 56 1
85 65 4
85 69 5
85 71 44
85 76 19
85 78 2
85 79 48
85 80 13
85 81 26
85 87 45
85 88 7
85 91 4
85 92 41
85 94 2
85 98 6
86 1 28
86 4 31
86 7 30
86 8 42
86 10 47
86 14 44
86 15 48
86 16 15
86 19 24
86 22 6
86 23 21
86 25 43
86 26 44
86 30 17
86 34 8
86 38 1
86 39 26
86 42 15
86 43 23
86 46 30
86 47 19
86 48 21
86 51 40
86 53 31
86 54 21
86 55 27
86 56 16
86 58 10
86 59 30
86 63 11
86 64 38
86 65 20
86 66 44
86 69 43
86 70 16
86 72 23
86 76 10
86 79 10
86 84 29
86 87 41
86 88 39
86 89 5
86 90 23
86 93 18
86 96 39
86 97 40
86 99 19
87 1 40
87 3 5
87 4 25
87 5 33
87 8 36
87 10 16
87 11 1
87 12 18
87 13 8
87 14 45
87 15 49
87 17 2
87 19 22
87 22 7
87 23 41
87 26 28
87 27 38
87 28 47
87 29 5
87 30 17
87 31 11
87 37 30
87 39 36
87 42 39
87 43 10
87 44 31
87 45 21
87 46 41
87 47 35
87 48 25
87 51 42
87 52 18
87 63 50
87 64 29
87 66 26
87 71 22
87 72 30
87 73 34
87 76 30
87 77 24
87 78 46
87 79 6
87 82 46
87 84 21
87 85 45
87 86 41
87 88 24
87 89 13
87 91 21
87 93 17
87 98 14
87 99 49
88 3 14
88 4 39
88 6 46
88 7 41
88 8 37
88 10 3
88 12 41
88 13 44
88 14 25
88 16 24
88 22 40
88 24 15
88 26 11
88 27 16
88 28 21
88 29 41
88 30 13
88 31 21
88 32 12
88 33 35
88 36 26
88 39 23
88 40 37
88 42 32
88 43 6
88 50 22
88 51 17
88 53 42
88 56 20
88 57 2
88 59 47
88 62 29
88 66 32
88 68 42
88 70 22
88 71 22
88 73 45
88 75 17
88 76 2
88 78 2
88 81 35
88 85 7
88 86 39
88 87 24
88 89 2
88 96 46
88 97 38
88 98 29
88 99 15
89 1 17
89 3 32
89 4 23
89 6 23
89 7 41
89 9 4
89 11 25
89 12 5
89 14 16
89 17 40
89 19 8
89 21 27
89 25 17
89 33 17
89 37 32
89 38 22
89 40 34
89 41 6
89 42 2
89 44 46
89 45 37
89 47 29
89 48 31
89 51 1
89 53 43
89 55 39
89 57 5
89 58 25
89 59 11
89 60 46
89 65 41
89 66 30
89 67 1
89 68 32
89 71 25
89 73 36
89 74 43
89 75 18
89 76 21
89 84 21
89 86 5
89 87 13
89 88 2
89 92 11
89 96 49
89 98 45
89 99 50
90 4 22
90 5 34
90 6 38
90 7 26
90 9 27
90 10 4
90 13 36
90 14 33
90 19 46
90 20 3
90 21 8
90 22 47
90 23 22
90 24 24
90 26 18
90 30 38
90 31 45
90 34 49
90 35 35
90 39 9
90 40 25
90 42 20
90 48 46
90 49 45
90 50 36
90 53 23
90 55 27
90 57 3
90 58 33
90 60 28
90 61 41
90 62 2
90 65 23
90 66 25
90 67 44
90 68 4
90 73 10
90 75 8
90 76 36
90 82 18
90 86 23
90 91 12
90 96 2
91 2 45
91 3 19
91 4 2
91 5 6
91 6 45
91 7 40
91 8 43
91 9 31
91 16 48
91 17 45
91 23 50
91 24 25
91 28 30
91 34 40
91 35 11
91 37 28
91 38 21
91 40 16
91 41 20
91 42 8
91 43 23
91 46 41
91 47 29
91 49 33
91 50 4
91 53 29
91 54 1
91 55 38
91 56 9
91 57 7
91 58 12
91 60 6
91 62 15
91 69 37
91 71 17
91 72 20
91 75 34
91 76 43
91 79 7
91 80 28
91 81 13
91 83 10
91 85 4
91 87 21
91 90 12
91 93 44
91 95 12
91 96 20
91 97 1
91 98 22
91 99 18
92 2 6
92 3 25
92 7 18
92 11 44
92 13 32
92 14 6
92 17 32
92 18 48
92 26 1
92 28 12
92 29 41
92 32 44
92 33 12
92 34 8
92 36 21
92 37 22
92 41 11
92 42 3
92 45 40
92 48 22
92 49 14
92 53 30
92 56 42
92 59 16
92 63 31
92 64 10
92 67 7
92 70 17
92 71 24
92 73 26
92 75 19
92 79 12
92 83 24
92 85 41
92 89 11
92 94 33
92 96 4
92 97 10
92 98 9
92 99 17
93 3 35
93 5 22
93 6 1
93 10 41
93 11 18
93 13 30
93 18 31
93 19 31
93 23 15
93 24 19
93 25 13
93 28 11
93 29 28
93 31 22
93 42 19
93 43 48
93 45 27
93 47 3
93 48 44
93 49 42
93 51 11
93 53 8
93 56 47
93 57 12
93 60 20
93 63 48
93 64 44
93 67 47
93 68 10
93 73 25
93 74 31
93 76 9
93 77 1
93 79 47
93 81 9
93 86 18
93 87 17
93 91 44
93 95 27
93 98 22
93 99 13
94 1 12
94 2 5
94 6 17
94 8 44
94 12 14
94 14 2
94 15 36
94 16 30
94 18 49
94 19 46
94 20 48
94 21 5
94 22 12
94 23 42
94 25 8
94 29 28
94 32 9
94 33 40
94 35 36
94 39 33
94 41 49
94 43 42
94 44 31
94 45 28
94 46 12
94 47 20
94 48 24
94 49 47
94 53 16
94 56 37
94 58 35
94 59 40
94 68 5
94 70 25
94 71 6
94 72 27
94 73 35
94 75 38
94 76 5
94 78 8
94 79 42
94 80 32
94 81 46
94 82 32
94 84 5
94 85 2
94 92 33
94 96 26
94 97 24
94 98 24
95 1 28
95 5 21
95 6 19
95 7 23
95 8 10
95 9 19
95 10 17
95 12 33
95 14 28
95 16 37
95 18 36
95 19 7
95 20 13
95 21 13
95 22 39
95 24 5
95 25 50
95 27 32
95 29 44
95 30 24
95 31 26
95 35 14
95 37 26
95 38 31
95 39 34
95 40 16
95 45 14
95 46 13
95 50 35
95 52 14
95 53 14
95 56 43
95 57 21
95 58 13
95 59 29
95 61 31
95 62 26
95 64 29
95 65 22
95 68 41
95 70 30
95 71 5
95 72 29
95 74 29
95 75 39
95 77 36
95 82 38
95 91 12
95 93 27
95 98 30
96 1 15
96 3 9
96 5 11
96 6 21
96 8 32
96 12 36
96 14 35
96 17 33
96 19 36
96 20 17
96 24 22
96 25 7
96 31 10
96 33 48
96 39 27
96 44 40
96 45 1
96 46 10
96 47 19
96 50 13
96 52 3
96 53 37
96 56 22
96 57 40
96 59 9
96 63 18
96 67 33
96 68 46
96 69 1
96 71 34
96 72 25
96 73 14
96 75 32
96 79 19
96 81 30
96 82 38
96 83 27
96 86 39
96 88 46
96 89 49
96 90 2
96 91 20
96 92 4
96 94 26
96 97 48
96 98 31
96 99 13
97 2 46
97 3 1
97 4 1
97 6 35
97 12 9
97 16 15
97 17 3
97 19 5
97 20 11
97 21 13
97 23 6
97 25 23
97 26 49
97 30 32
97 32 30
97 33 20
97 36 12
97 37 31
97 38 49
97 40 50
97 42 4
97 44 4
97 45 28
97 46 28
97 49 3
97 50 26
97 51 46
97 53 21
97 54 46
97 60 48
97 61 16
97 64 39
97 65 36
97 67 50
97 69 3
97 73 20
97 75 36
97 78 33
97 79 4
97 84 32
97 86 40
97 88 38
97 91 1
97 92 10
97 94 24
97 96 48
97 98 11
98 6 29
98 7 39
98 9 34
98 11 19
98 12 32
98 13 27
98 18 33
98 20 21
98 21 30
98 23 45
98 28 13
98 30 41
98 32 5
98 34 33
98 35 42
98 40 13
98 43 5
98 44 23
98 45 45
98 47 13
98 50 16
98 51 12
98 54 48
98 55 17
98 56 13
98 57 23
98 60 12
98 61 8
98 65 17
98 72 47
98 74 31
98 77 36
98 78 34
98 79 46
98 80 40
98 81 39
98 82 35
98 83 36
98 84 15
98 85 6
98 87 14
98 88 29
98 89 45
98 91 22
98 92 9
98 93 22
98 94 24
98 95 30
98 96 31
98 97 11
98 99 33
2 t 24
3 t 44
5 t 34
6 t 19
7 t 43
8 t 12
11 t 47
14 t 43
15 t 34
16 t 8
18 t 24
19 t 2
21 t 26
23 t 4
26 t 20
27 t 3
28 t 47
29 t 24
31 t 31
32 t 29
36 t 48
37 t 41
39 t 16
40 t 4
41 t 36
43 t 47
44 t 6
47 t 11
53 t 17
54 t 25
55 t 18
57 t 15
59 t 15
60 t 18
61 t 11
63 t 4
64 t 30
65 t 13
66 t 14
67 t 10
68 t 18
69 t 14
70 t 39
71 t 8
76 t 40
77 t 25
78 t 10
81 t 1
83 t 21
84 t 25
86 t 19
87 t 49
88 t 15
89 t 50
91 t 18
92 t 17
93 t 13
96 t 13
98 t 33
