s 1 4
s 5 31
s 10 44
s 11 48
s 12 47
s 15 49
s 19 28
s 20 12
s 22 27
s 23 7
s 25 49
1 2 29
1 5 23
1 6 44
1 9 14
1 10 38
1 12 20
1 14 27
1 15 16
1 16 46
1 17 11
1 21 5
1 26 12
2 1 29
2 5 6
2 6 31
2 7 10
2 8 42
2 9 15
2 11 17
2 13 42
2 15 30
2 17 15
2 18 42
2 21 39
2 22 43
2 23 38
2 25 41
2 26 40
3 4 6
3 5 45
3 6 48
3 7 30
3 11 4
3 12 9
3 16 1
3 19 3
3 22 31
3 24 25
3 25 6
3 26 40
4 3 6
4 5 19
4 6 33
4 8 36
4 14 27
4 15 16
4 17 34
4 18 10
4 20 9
4 21 12
4 22 30
4 23 7
4 25 46
5 1 23
5 2 6
5 3 45
5 4 19
5 6 48
5 7 44
5 9 4
5 11 25
5 12 50
5 13 1
5 14 11
5 15 49
5 16 48
5 17 2
5 19 12
5 20 8
5 21 49
5 22 46
5 25 10
6 1 44
6 2 31
6 3 48
6 4 33
6 5 48
6 8 30
6 10 30
6 12 16
6 13 5
6 14 38
6 18 25
6 19 6
6 20 46
6 21 46
6 22 40
6 23 27
6 25 30
7 2 10
7 3 30
7 5 44
7 8 14
7 10 9
7 11 50
7 13 36
7 14 5
7 17 15
7 20 5
7 24 29
7 26 47
8 2 42
8 4 36
8 6 30
8 7 14
8 11 19
8 15 19
8 17 17
8 18 47
8 21 39
8 22 31
8 23 17
8 26 45
9 1 14
9 2 15
9 5 4
9 11 38
9 12 3
9 14 39
9 16 16
9 19 15
9 20 45
9 23 46
9 26 8
10 1 38
10 6 30
10 7 9
10 12 49
10 13 22
10 15 49
10 18 39
10 21 49
10 22 24
10 25 48
11 2 17
11 3 4
11 5 25
11 7 50
11 8 19
11 9 38
11 12 14
11 18 7
11 19 19
11 23 13
11 24 49
11 25 12
11 26 40
12 1 20
12 3 9
12 5 50
12 6 16
12 9 3
12 10 49
12 11 14
12 13 3
12 15 5
12 18 46
12 21 42
12 22 18
12 25 37
12 26 27
13 2 42
13 5 1
13 6 5
13 7 36
13 10 22
13 12 3
13 18 43
13 20 13
13 21 43
13 22 29
13 24 35
13 25 43
14 1 27
14 4 27
14 5 11
14 6 38
14 7 5
14 9 39
14 17 16
14 19 13
14 20 31
14 22 20
14 23 41
14 26 46
15 1 16
15 2 30
15 4 16
15 5 49
15 8 19
15 10 49
15 12 5
15 16 2
15 17 42
15 19 49
15 23 37
16 1 46
16 3 1
16 5 48
16 9 16
16 15 2
16 17 42
16 19 12
16 20 14
16 21 29
16 24 40
17 1 11
17 2 15
17 4 34
17 5 2
17 7 15
17 8 17
17 14 16
17 15 42
17 16 42
17 24 2
17 25 43
17 26 19
18 2 42
18 4 10
18 6 25
18 8 47
18 10 39
18 11 7
18 12 46
18 13 43
18 19 22
18 21 48
18 22 13
18 23 8
19 3 3
19 5 12
19 6 6
19 9 15
19 11 19
19 14 13
19 15 49
19 16 12
19 18 22
19 21 20
20 4 9
20 5 8
20 6 46
20 7 5
20 9 45
20 13 13
20 14 31
20 16 14
20 21 33
20 23 50
20 24 46
20 25 27
21 1 5
21 2 39
21 4 12
21 5 49
21 6 46
21 8 39
21 10 49
21 12 42
21 13 43
21 16 29
21 18 48
21 19 20
21 20 33
22 2 43
22 3 31
22 4 30
22 5 46
22 6 40
22 8 31
22 10 24
22 12 18
22 13 29
22 14 20
22 18 13
22 24 33
22 25 8
22 26 30
23 2 38
23 4 7
23 6 27
23 8 17
23 9 46
23 11 13
23 14 41
23 15 37
23 18 8
23 20 50
23 25 4
23 26 2
24 3 25
24 7 29
24 11 49
24 13 35
24 16 40
24 17 2
24 20 46
24 22 33
24 26 38
25 2 41
25 3 6
25 4 46
25 5 10
25 6 30
25 10 48
25 11 12
25 12 37
25 13 43
25 17 43
25 20 27
25 22 8
25 23 4
25 26 24
1 t 12
2 t 40
3 t 40
7 t 47
8 t 45
9 t 8
11 t 40
12 t 27
14 t 46
17 t 19
22 t 30
23 t 2
24 t 38
25 t 24
