s 2 13
s 5 14
s 6 49
s 7 42
s 8 30
s 10 37
s 12 11
s 15 9
s 17 29
1 2 4
1 6 38
1 7 30
1 12 4
1 14 10
1 15 10
1 16 25
2 1 4
2 3 2
2 9 47
2 11 37
2 13 19
3 2 2
3 5 14
3 6 44
3 8 6
3 10 32
3 11 39
3 12 23
3 13 29
3 14 40
3 16 16
4 6 40
4 7 18
4 9 32
4 10 5
4 12 20
4 14 47
4 17 46
5 3 14
5 6 11
5 9 26
5 10 39
5 13 32
5 15 35
5 16 42
5 17 50
6 1 38
6 3 44
6 4 40
6 5 11
6 7 3
6 8 31
6 10 32
6 13 26
6 14 40
6 16 50
7 1 30
7 4 18
7 6 3
7 10 49
7 11 30
7 12 28
7 14 20
7 15 47
7 16 8
7 17 40
8 3 6
8 6 31
8 11 20
8 13 4
8 16 37
9 2 47
9 4 32
9 5 26
9 11 13
9 16 37
10 3 32
10 4 5
10 5 39
10 6 32
10 7 49
10 11 46
10 12 43
10 13 33
10 15 2
11 2 37
11 3 39
11 7 30
11 8 20
11 9 13
11 10 46
11 13 29
12 1 4
12 3 23
12 4 20
12 7 28
12 10 43
12 14 8
12 16 8
12 17 3
13 2 19
13 3 29
13 5 32
13 6 26
13 8 4
13 10 33
13 11 29
13 15 12
13 16 15
14 1 10
14 3 40
14 4 47
14 6 40
14 7 20
14 12 8
14 15 36
15 1 10
15 5 35
15 7 47
15 10 2
15 13 12
15 14 36
16 1 25
16 3 16
16 5 42
16 6 50
16 7 8
16 8 37
16 9 37
16 12 8
16 13 15
4 t 46
5 t 50
7 t 40
12 t 3
