s 1 15
s 4 35
s 6 19
s 7 3
s 11 20
s 15 20
s 16 36
s 20 5
s 22 23
s 23 42
1 3 41
1 4 29
1 5 46
1 7 44
1 8 23
1 12 2
1 13 19
1 15 48
1 16 40
1 17 13
1 20 43
1 21 20
2 4 29
2 6 10
2 7 14
2 11 22
2 14 11
2 15 23
2 16 29
2 18 49
2 19 17
2 20 44
2 22 33
3 1 41
3 4 3
3 5 35
3 6 30
3 7 48
3 9 27
3 10 4
3 11 29
3 13 1
3 16 2
3 17 44
3 19 29
3 20 11
3 22 48
4 1 29
4 2 29
4 3 3
4 6 36
4 9 41
4 10 12
4 11 17
4 17 48
4 19 11
4 20 23
4 21 44
4 23 5
5 1 46
5 3 35
5 8 4
5 9 43
5 10 12
5 12 31
5 15 21
5 17 36
5 19 25
5 22 37
6 2 10
6 3 30
6 4 36
6 8 11
6 10 32
6 12 30
6 14 47
6 15 9
6 17 28
6 19 31
6 20 37
6 21 19
7 1 44
7 2 14
7 3 48
7 10 40
7 11 18
7 12 28
7 13 33
7 14 46
7 17 36
7 18 25
7 19 35
7 23 5
8 1 23
8 5 4
8 6 11
8 10 9
8 16 17
8 18 3
8 19 38
8 20 9
8 21 36
8 22 40
9 3 27
9 4 41
9 5 43
9 10 38
9 14 17
9 15 41
9 16 38
9 19 37
9 20 48
9 22 32
9 23 48
10 3 4
10 4 12
10 5 12
10 6 32
10 7 40
10 8 9
10 9 38
10 12 4
10 13 8
10 15 4
10 17 6
10 19 12
10 23 12
11 2 22
11 3 29
11 4 17
11 7 18
11 12 2
11 13 47
11 15 24
11 16 42
11 19 11
12 1 2
12 5 31
12 6 30
12 7 28
12 10 4
12 11 2
12 14 37
12 20 37
12 22 18
12 23 4
13 1 19
13 3 1
13 7 33
13 10 8
13 11 47
13 14 48
13 16 47
13 18 6
13 19 38
13 21 23
13 22 32
14 2 11
14 6 47
14 7 46
14 9 17
14 12 37
14 13 48
14 17 48
15 1 48
15 2 23
15 5 21
15 6 9
15 9 41
15 10 4
15 11 24
15 16 6
15 21 25
15 22 30
16 1 40
16 2 29
16 3 2
16 8 17
16 9 38
16 11 42
16 13 47
16 15 6
16 17 13
16 21 29
16 22 8
16 23 27
17 1 13
17 3 44
17 4 48
17 5 36
17 6 28
17 7 36
17 10 6
17 14 48
17 16 13
17 18 9
17 19 28
17 22 23
18 2 49
18 7 25
18 8 3
18 13 6
18 17 9
18 20 21
19 2 17
19 3 29
19 4 11
19 5 25
19 6 31
19 7 35
19 8 38
19 9 37
19 10 12
19 11 11
19 13 38
19 17 28
19 22 14
20 1 43
20 2 44
20 3 11
20 4 23
20 6 37
20 8 9
20 9 48
20 12 37
20 18 21
20 21 34
21 1 20
21 4 44
21 6 19
21 8 36
21 13 23
21 15 25
21 16 29
21 20 34
21 22 44
21 23 34
22 2 33
22 3 48
22 5 37
22 8 40
22 9 32
22 12 18
22 13 32
22 15 30
22 16 8
22 17 23
22 19 14
22 21 44
4 t 5
7 t 5
9 t 48
10 t 12
12 t 4
16 t 27
21 t 34
