s (1,1) 13
s (2,1) 16
s (3,1) 9
s (4,1) 40
s (5,1) 35
s (6,1) 25
s (7,1) 43
s (8,1) 15
s (9,1) 36
s (10,1) 37
(1,1) (1,2) 18
(2,1) (2,2) 38
(3,1) (3,2) 41
(4,1) (4,2) 27
(5,1) (5,2) 40
(6,1) (6,2) 45
(7,1) (7,2) 49
(8,1) (8,2) 13
(9,1) (9,2) 29
(10,1) (10,2) 7
(1,2) (1,3) 15
(2,2) (2,3) 42
(3,2) (3,3) 26
(4,2) (4,3) 29
(5,2) (5,3) 18
(6,2) (6,3) 2
(7,2) (7,3) 45
(8,2) (8,3) 43
(9,2) (9,3) 18
(10,2) (10,3) 35
(1,3) (1,4) 16
(2,3) (2,4) 5
(3,3) (3,4) 50
(4,3) (4,4) 37
(5,3) (5,4) 23
(6,3) (6,4) 1
(7,3) (7,4) 39
(8,3) (8,4) 15
(9,3) (9,4) 4
(10,3) (10,4) 42
(1,4) (1,5) 15
(2,4) (2,5) 40
(3,4) (3,5) 47
(4,4) (4,5) 32
(5,4) (5,5) 32
(6,4) (6,5) 25
(7,4) (7,5) 50
(8,4) (8,5) 11
(9,4) (9,5) 14
(10,4) (10,5) 12
(1,5) (1,6) 6
(2,5) (2,6) 11
(3,5) (3,6) 48
(4,5) (4,6) 41
(5,5) (5,6) 34
(6,5) (6,6) 16
(7,5) (7,6) 31
(8,5) (8,6) 35
(9,5) (9,6) 28
(10,5) (10,6) 35
(1,6) (1,7) 4
(2,6) (2,7) 4
(3,6) (3,7) 9
(4,6) (4,7) 43
(5,6) (5,7) 7
(6,6) (6,7) 29
(7,6) (7,7) 22
(8,6) (8,7) 11
(9,6) (9,7) 23
(10,6) (10,7) 2
(1,7) (1,8) 5
(2,7) (2,8) 46
(3,7) (3,8) 43
(4,7) (4,8) 43
(5,7) (5,8) 25
(6,7) (6,8) 23
(7,7) (7,8) 20
(8,7) (8,8) 19
(9,7) (9,8) 11
(10,7) (10,8) 37
(1,8) (1,9) 30
(2,8) (2,9) 9
(3,8) (3,9) 35
(4,8) (4,9) 47
(5,8) (5,9) 11
(6,8) (6,9) 13
(7,8) (7,9) 5
(8,8) (8,9) 38
(9,8) (9,9) 45
(10,8) (10,9) 31
(1,9) (1,10) 42
(2,9) (2,10) 32
(3,9) (3,10) 42
(4,9) (4,10) 24
(5,9) (5,10) 12
(6,9) (6,10) 23
(7,9) (7,10) 40
(8,9) (8,10) 5
(9,9) (9,10) 28
(10,9) (10,10) 6
(1,10) (1,11) 15
(2,10) (2,11) 42
(3,10) (3,11) 40
(4,10) (4,11) 27
(5,10) (5,11) 22
(6,10) (6,11) 8
(7,10) (7,11) 38
(8,10) (8,11) 35
(9,10) (9,11) 24
(10,10) (10,11) 43
(1,11) (1,12) 15
(2,11) (2,12) 16
(3,11) (3,12) 31
(4,11) (4,12) 32
(5,11) (5,12) 23
(6,11) (6,12) 21
(7,11) (7,12) 44
(8,11) (8,12) 12
(9,11) (9,12) 46
(10,11) (10,12) 48
(1,12) (1,13) 35
(2,12) (2,13) 17
(3,12) (3,13) 44
(4,12) (4,13) 39
(5,12) (5,13) 15
(6,12) (6,13) 46
(7,12) (7,13) 19
(8,12) (8,13) 5
(9,12) (9,13) 21
(10,12) (10,13) 33
(1,13) (1,14) 47
(2,13) (2,14) 15
(3,13) (3,14) 7
(4,13) (4,14) 27
(5,13) (5,14) 26
(6,13) (6,14) 46
(7,13) (7,14) 42
(8,13) (8,14) 6
(9,13) (9,14) 13
(10,13) (10,14) 19
(1,14) (1,15) 32
(2,14) (2,15) 50
(3,14) (3,15) 20
(4,14) (4,15) 35
(5,14) (5,15) 24
(6,14) (6,15) 2
(7,14) (7,15) 23
(8,14) (8,15) 40
(9,14) (9,15) 18
(10,14) (10,15) 30
(1,15) (1,16) 31
(2,15) (2,16) 26
(3,15) (3,16) 21
(4,15) (4,16) 35
(5,15) (5,16) 19
(6,15) (6,16) 5
(7,15) (7,16) 43
(8,15) (8,16) 18
(9,15) (9,16) 16
(10,15) (10,16) 2
(1,16) (1,17) 31
(2,16) (2,17) 11
(3,16) (3,17) 50
(4,16) (4,17) 18
(5,16) (5,17) 45
(6,16) (6,17) 6
(7,16) (7,17) 42
(8,16) (8,17) 48
(9,16) (9,17) 30
(10,16) (10,17) 39
(1,17) (1,18) 47
(2,17) (2,18) 8
(3,17) (3,18) 39
(4,17) (4,18) 26
(5,17) (5,18) 50
(6,17) (6,18) 14
(7,17) (7,18) 15
(8,17) (8,18) 16
(9,17) (9,18) 32
(10,17) (10,18) 29
(1,18) (1,19) 20
(2,18) (2,19) 34
(3,18) (3,19) 26
(4,18) (4,19) 28
(5,18) (5,19) 39
(6,18) (6,19) 27
(7,18) (7,19) 31
(8,18) (8,19) 38
(9,18) (9,19) 33
(10,18) (10,19) 14
(1,19) (1,20) 43
(2,19) (2,20) 26
(3,19) (3,20) 28
(4,19) (4,20) 29
(5,19) (5,20) 39
(6,19) (6,20) 22
(7,19) (7,20) 27
(8,19) (8,20) 9
(9,19) (9,20) 39
(10,19) (10,20) 37
(1,20) (1,21) 9
(2,20) (2,21) 1
(3,20) (3,21) 49
(4,20) (4,21) 22
(5,20) (5,21) 24
(6,20) (6,21) 38
(7,20) (7,21) 49
(8,20) (8,21) 21
(9,20) (9,21) 22
(10,20) (10,21) 45
(1,21) (1,22) 15
(2,21) (2,22) 30
(3,21) (3,22) 28
(4,21) (4,22) 1
(5,21) (5,22) 30
(6,21) (6,22) 12
(7,21) (7,22) 46
(8,21) (8,22) 45
(9,21) (9,22) 19
(10,21) (10,22) 50
(1,22) (1,23) 30
(2,22) (2,23) 5
(3,22) (3,23) 22
(4,22) (4,23) 25
(5,22) (5,23) 16
(6,22) (6,23) 1
(7,22) (7,23) 21
(8,22) (8,23) 4
(9,22) (9,23) 30
(10,22) (10,23) 44
(1,23) (1,24) 8
(2,23) (2,24) 35
(3,23) (3,24) 35
(4,23) (4,24) 22
(5,23) (5,24) 16
(6,23) (6,24) 26
(7,23) (7,24) 47
(8,23) (8,24) 29
(9,23) (9,24) 20
(10,23) (10,24) 7
(1,24) (1,25) 37
(2,24) (2,25) 10
(3,24) (3,25) 43
(4,24) (4,25) 31
(5,24) (5,25) 7
(6,24) (6,25) 4
(7,24) (7,25) 42
(8,24) (8,25) 12
(9,24) (9,25) 38
(10,24) (10,25) 33
(1,1) (2,1) 22
(2,1) (1,1) 32
(2,1) (3,1) 18
(3,1) (2,1) 37
(3,1) (4,1) 40
(4,1) (3,1) 20
(4,1) (5,1) 4
(5,1) (4,1) 47
(5,1) (6,1) 15
(6,1) (5,1) 18
(6,1) (7,1) 19
(7,1) (6,1) 36
(7,1) (8,1) 13
(8,1) (7,1) 39
(8,1) (9,1) 42
(9,1) (8,1) 23
(9,1) (10,1) 46
(10,1) (9,1) 15
(1,2) (2,2) 32
(2,2) (1,2) 48
(2,2) (3,2) 33
(3,2) (2,2) 26
(3,2) (4,2) 37
(4,2) (3,2) 29
(4,2) (5,2) 32
(5,2) (4,2) 23
(5,2) (6,2) 14
(6,2) (5,2) 1
(6,2) (7,2) 46
(7,2) (6,2) 28
(7,2) (8,2) 11
(8,2) (7,2) 39
(8,2) (9,2) 3
(9,2) (8,2) 19
(9,2) (10,2) 45
(10,2) (9,2) 21
(1,3) (2,3) 49
(2,3) (1,3) 18
(2,3) (3,3) 12
(3,3) (2,3) 3
(3,3) (4,3) 20
(4,3) (3,3) 12
(4,3) (5,3) 20
(5,3) (4,3) 2
(5,3) (6,3) 37
(6,3) (5,3) 32
(6,3) (7,3) 42
(7,3) (6,3) 25
(7,3) (8,3) 18
(8,3) (7,3) 33
(8,3) (9,3) 28
(9,3) (8,3) 38
(9,3) (10,3) 32
(10,3) (9,3) 12
(1,4) (2,4) 32
(2,4) (1,4) 26
(2,4) (3,4) 43
(3,4) (2,4) 29
(3,4) (4,4) 16
(4,4) (3,4) 9
(4,4) (5,4) 47
(5,4) (4,4) 3
(5,4) (6,4) 43
(6,4) (5,4) 15
(6,4) (7,4) 21
(7,4) (6,4) 41
(7,4) (8,4) 23
(8,4) (7,4) 19
(8,4) (9,4) 47
(9,4) (8,4) 21
(9,4) (10,4) 50
(10,4) (9,4) 49
(1,5) (2,5) 27
(2,5) (1,5) 31
(2,5) (3,5) 24
(3,5) (2,5) 9
(3,5) (4,5) 46
(4,5) (3,5) 12
(4,5) (5,5) 11
(5,5) (4,5) 34
(5,5) (6,5) 7
(6,5) (5,5) 44
(6,5) (7,5) 5
(7,5) (6,5) 44
(7,5) (8,5) 1
(8,5) (7,5) 6
(8,5) (9,5) 26
(9,5) (8,5) 19
(9,5) (10,5) 47
(10,5) (9,5) 24
(1,6) (2,6) 19
(2,6) (1,6) 42
(2,6) (3,6) 47
(3,6) (2,6) 29
(3,6) (4,6) 13
(4,6) (3,6) 13
(4,6) (5,6) 35
(5,6) (4,6) 5
(5,6) (6,6) 34
(6,6) (5,6) 40
(6,6) (7,6) 5
(7,6) (6,6) 5
(7,6) (8,6) 33
(8,6) (7,6) 47
(8,6) (9,6) 27
(9,6) (8,6) 2
(9,6) (10,6) 11
(10,6) (9,6) 26
(1,7) (2,7) 8
(2,7) (1,7) 5
(2,7) (3,7) 22
(3,7) (2,7) 40
(3,7) (4,7) 32
(4,7) (3,7) 39
(4,7) (5,7) 27
(5,7) (4,7) 33
(5,7) (6,7) 49
(6,7) (5,7) 37
(6,7) (7,7) 8
(7,7) (6,7) 29
(7,7) (8,7) 7
(8,7) (7,7) 14
(8,7) (9,7) 14
(9,7) (8,7) 43
(9,7) (10,7) 35
(10,7) (9,7) 48
(1,8) (2,8) 19
(2,8) (1,8) 45
(2,8) (3,8) 49
(3,8) (2,8) 10
(3,8) (4,8) 8
(4,8) (3,8) 40
(4,8) (5,8) 9
(5,8) (4,8) 17
(5,8) (6,8) 23
(6,8) (5,8) 34
(6,8) (7,8) 14
(7,8) (6,8) 25
(7,8) (8,8) 4
(8,8) (7,8) 47
(8,8) (9,8) 34
(9,8) (8,8) 23
(9,8) (10,8) 6
(10,8) (9,8) 10
(1,9) (2,9) 20
(2,9) (1,9) 15
(2,9) (3,9) 4
(3,9) (2,9) 49
(3,9) (4,9) 22
(4,9) (3,9) 33
(4,9) (5,9) 44
(5,9) (4,9) 41
(5,9) (6,9) 44
(6,9) (5,9) 25
(6,9) (7,9) 24
(7,9) (6,9) 4
(7,9) (8,9) 17
(8,9) (7,9) 6
(8,9) (9,9) 13
(9,9) (8,9) 49
(9,9) (10,9) 12
(10,9) (9,9) 48
(1,10) (2,10) 33
(2,10) (1,10) 18
(2,10) (3,10) 46
(3,10) (2,10) 27
(3,10) (4,10) 22
(4,10) (3,10) 24
(4,10) (5,10) 49
(5,10) (4,10) 45
(5,10) (6,10) 40
(6,10) (5,10) 20
(6,10) (7,10) 26
(7,10) (6,10) 13
(7,10) (8,10) 6
(8,10) (7,10) 33
(8,10) (9,10) 19
(9,10) (8,10) 16
(9,10) (10,10) 30
(10,10) (9,10) 8
(1,11) (2,11) 21
(2,11) (1,11) 26
(2,11) (3,11) 27
(3,11) (2,11) 27
(3,11) (4,11) 50
(4,11) (3,11) 28
(4,11) (5,11) 25
(5,11) (4,11) 2
(5,11) (6,11) 4
(6,11) (5,11) 20
(6,11) (7,11) 32
(7,11) (6,11) 25
(7,11) (8,11) 35
(8,11) (7,11) 43
(8,11) (9,11) 1
(9,11) (8,11) 41
(9,11) (10,11) 24
(10,11) (9,11) 42
(1,12) (2,12) 33
(2,12) (1,12) 20
(2,12) (3,12) 49
(3,12) (2,12) 11
(3,12) (4,12) 28
(4,12) (3,12) 46
(4,12) (5,12) 49
(5,12) (4,12) 14
(5,12) (6,12) 40
(6,12) (5,12) 45
(6,12) (7,12) 24
(7,12) (6,12) 5
(7,12) (8,12) 1
(8,12) (7,12) 33
(8,12) (9,12) 11
(9,12) (8,12) 43
(9,12) (10,12) 49
(10,12) (9,12) 38
(1,13) (2,13) 32
(2,13) (1,13) 30
(2,13) (3,13) 20
(3,13) (2,13) 20
(3,13) (4,13) 43
(4,13) (3,13) 9
(4,13) (5,13) 26
(5,13) (4,13) 21
(5,13) (6,13) 34
(6,13) (5,13) 32
(6,13) (7,13) 12
(7,13) (6,13) 40
(7,13) (8,13) 3
(8,13) (7,13) 4
(8,13) (9,13) 8
(9,13) (8,13) 22
(9,13) (10,13) 4
(10,13) (9,13) 39
(1,14) (2,14) 13
(2,14) (1,14) 21
(2,14) (3,14) 44
(3,14) (2,14) 36
(3,14) (4,14) 22
(4,14) (3,14) 32
(4,14) (5,14) 28
(5,14) (4,14) 7
(5,14) (6,14) 3
(6,14) (5,14) 50
(6,14) (7,14) 25
(7,14) (6,14) 22
(7,14) (8,14) 46
(8,14) (7,14) 50
(8,14) (9,14) 27
(9,14) (8,14) 22
(9,14) (10,14) 32
(10,14) (9,14) 25
(1,15) (2,15) 20
(2,15) (1,15) 3
(2,15) (3,15) 49
(3,15) (2,15) 23
(3,15) (4,15) 29
(4,15) (3,15) 44
(4,15) (5,15) 14
(5,15) (4,15) 43
(5,15) (6,15) 1
(6,15) (5,15) 3
(6,15) (7,15) 33
(7,15) (6,15) 25
(7,15) (8,15) 10
(8,15) (7,15) 3
(8,15) (9,15) 27
(9,15) (8,15) 13
(9,15) (10,15) 35
(10,15) (9,15) 5
(1,16) (2,16) 40
(2,16) (1,16) 46
(2,16) (3,16) 30
(3,16) (2,16) 20
(3,16) (4,16) 48
(4,16) (3,16) 43
(4,16) (5,16) 8
(5,16) (4,16) 2
(5,16) (6,16) 18
(6,16) (5,16) 27
(6,16) (7,16) 34
(7,16) (6,16) 8
(7,16) (8,16) 47
(8,16) (7,16) 36
(8,16) (9,16) 27
(9,16) (8,16) 45
(9,16) (10,16) 44
(10,16) (9,16) 40
(1,17) (2,17) 7
(2,17) (1,17) 21
(2,17) (3,17) 31
(3,17) (2,17) 44
(3,17) (4,17) 23
(4,17) (3,17) 10
(4,17) (5,17) 2
(5,17) (4,17) 21
(5,17) (6,17) 26
(6,17) (5,17) 28
(6,17) (7,17) 16
(7,17) (6,17) 23
(7,17) (8,17) 18
(8,17) (7,17) 22
(8,17) (9,17) 43
(9,17) (8,17) 40
(9,17) (10,17) 37
(10,17) (9,17) 6
(1,18) (2,18) 31
(2,18) (1,18) 39
(2,18) (3,18) 22
(3,18) (2,18) 34
(3,18) (4,18) 13
(4,18) (3,18) 44
(4,18) (5,18) 44
(5,18) (4,18) 28
(5,18) (6,18) 42
(6,18) (5,18) 4
(6,18) (7,18) 22
(7,18) (6,18) 25
(7,18) (8,18) 33
(8,18) (7,18) 50
(8,18) (9,18) 20
(9,18) (8,18) 21
(9,18) (10,18) 43
(10,18) (9,18) 27
(1,19) (2,19) 33
(2,19) (1,19) 26
(2,19) (3,19) 8
(3,19) (2,19) 24
(3,19) (4,19) 10
(4,19) (3,19) 11
(4,19) (5,19) 37
(5,19) (4,19) 41
(5,19) (6,19) 46
(6,19) (5,19) 21
(6,19) (7,19) 22
(7,19) (6,19) 8
(7,19) (8,19) 22
(8,19) (7,19) 42
(8,19) (9,19) 8
(9,19) (8,19) 8
(9,19) (10,19) 14
(10,19) (9,19) 30
(1,20) (2,20) 42
(2,20) (1,20) 39
(2,20) (3,20) 38
(3,20) (2,20) 35
(3,20) (4,20) 42
(4,20) (3,20) 24
(4,20) (5,20) 49
(5,20) (4,20) 29
(5,20) (6,20) 12
(6,20) (5,20) 28
(6,20) (7,20) 29
(7,20) (6,20) 39
(7,20) (8,20) 7
(8,20) (7,20) 2
(8,20) (9,20) 12
(9,20) (8,20) 37
(9,20) (10,20) 37
(10,20) (9,20) 42
(1,21) (2,21) 19
(2,21) (1,21) 44
(2,21) (3,21) 19
(3,21) (2,21) 26
(3,21) (4,21) 47
(4,21) (3,21) 40
(4,21) (5,21) 28
(5,21) (4,21) 46
(5,21) (6,21) 36
(6,21) (5,21) 49
(6,21) (7,21) 33
(7,21) (6,21) 13
(7,21) (8,21) 22
(8,21) (7,21) 18
(8,21) (9,21) 41
(9,21) (8,21) 31
(9,21) (10,21) 40
(10,21) (9,21) 13
(1,22) (2,22) 23
(2,22) (1,22) 11
(2,22) (3,22) 1
(3,22) (2,22) 38
(3,22) (4,22) 46
(4,22) (3,22) 16
(4,22) (5,22) 27
(5,22) (4,22) 44
(5,22) (6,22) 17
(6,22) (5,22) 2
(6,22) (7,22) 26
(7,22) (6,22) 25
(7,22) (8,22) 31
(8,22) (7,22) 7
(8,22) (9,22) 44
(9,22) (8,22) 22
(9,22) (10,22) 29
(10,22) (9,22) 25
(1,23) (2,23) 31
(2,23) (1,23) 24
(2,23) (3,23) 47
(3,23) (2,23) 21
(3,23) (4,23) 35
(4,23) (3,23) 7
(4,23) (5,23) 41
(5,23) (4,23) 9
(5,23) (6,23) 32
(6,23) (5,23) 42
(6,23) (7,23) 5
(7,23) (6,23) 6
(7,23) (8,23) 41
(8,23) (7,23) 37
(8,23) (9,23) 48
(9,23) (8,23) 12
(9,23) (10,23) 48
(10,23) (9,23) 44
(1,24) (2,24) 19
(2,24) (1,24) 43
(2,24) (3,24) 20
(3,24) (2,24) 13
(3,24) (4,24) 5
(4,24) (3,24) 12
(4,24) (5,24) 9
(5,24) (4,24) 5
(5,24) (6,24) 47
(6,24) (5,24) 23
(6,24) (7,24) 41
(7,24) (6,24) 45
(7,24) (8,24) 22
(8,24) (7,24) 41
(8,24) (9,24) 32
(9,24) (8,24) 44
(9,24) (10,24) 33
(10,24) (9,24) 19
(1,25) (2,25) 48
(2,25) (1,25) 10
(2,25) (3,25) 39
(3,25) (2,25) 25
(3,25) (4,25) 19
(4,25) (3,25) 21
(4,25) (5,25) 24
(5,25) (4,25) 38
(5,25) (6,25) 18
(6,25) (5,25) 22
(6,25) (7,25) 42
(7,25) (6,25) 31
(7,25) (8,25) 36
(8,25) (7,25) 16
(8,25) (9,25) 29
(9,25) (8,25) 37
(9,25) (10,25) 41
(10,25) (9,25) 40
(1,25) t 4
(2,25) t 25
(3,25) t 44
(4,25) t 21
(5,25) t 33
(6,25) t 4
(7,25) t 33
(8,25) t 11
(9,25) t 50
(10,25) t 14
