s (1,1) 31
s (2,1) 3
s (3,1) 37
(1,1) (1,2) 14
(2,1) (2,2) 10
(3,1) (3,2) 49
(1,2) (1,3) 39
(2,2) (2,3) 26
(3,2) (3,3) 18
(1,3) (1,4) 13
(2,3) (2,4) 18
(3,3) (3,4) 45
(1,4) (1,5) 40
(2,4) (2,5) 45
(3,4) (3,5) 37
(1,5) (1,6) 45
(2,5) (2,6) 17
(3,5) (3,6) 31
(1,6) (1,7) 12
(2,6) (2,7) 24
(3,6) (3,7) 36
(1,1) (2,1) 41
(2,1) (1,1) 40
(2,1) (3,1) 10
(3,1) (2,1) 35
(1,2) (2,2) 7
(2,2) (1,2) 40
(2,2) (3,2) 12
(3,2) (2,2) 46
(1,3) (2,3) 34
(2,3) (1,3) 12
(2,3) (3,3) 30
(3,3) (2,3) 23
(1,4) (2,4) 12
(2,4) (1,4) 50
(2,4) (3,4) 18
(3,4) (2,4) 18
(1,5) (2,5) 33
(2,5) (1,5) 45
(2,5) (3,5) 1
(3,5) (2,5) 35
(1,6) (2,6) 43
(2,6) (1,6) 9
(2,6) (3,6) 29
(3,6) (2,6) 26
(1,7) (2,7) 26
(2,7) (1,7) 26
(2,7) (3,7) 20
(3,7) (2,7) 47
(1,7) t 7
(2,7) t 14
(3,7) t 4
