s (1,1) 20
s (2,1) 18
s (3,1) 25
s (4,1) 30
s (5,1) 15
(1,1) (1,2) 45
(2,1) (2,2) 26
(3,1) (3,2) 36
(4,1) (4,2) 48
(5,1) (5,2) 21
(1,2) (1,3) 6
(2,2) (2,3) 41
(3,2) (3,3) 9
(4,2) (4,3) 33
(5,2) (5,3) 23
(1,3) (1,4) 23
(2,3) (2,4) 49
(3,3) (3,4) 43
(4,3) (4,4) 32
(5,3) (5,4) 49
(1,4) (1,5) 46
(2,4) (2,5) 46
(3,4) (3,5) 42
(4,4) (4,5) 49
(5,4) (5,5) 45
(1,5) (1,6) 15
(2,5) (2,6) 41
(3,5) (3,6) 3
(4,5) (4,6) 31
(5,5) (5,6) 37
(1,6) (1,7) 2
(2,6) (2,7) 30
(3,6) (3,7) 10
(4,6) (4,7) 33
(5,6) (5,7) 44
(1,7) (1,8) 30
(2,7) (2,8) 46
(3,7) (3,8) 14
(4,7) (4,8) 7
(5,7) (5,8) 35
(1,8) (1,9) 15
(2,8) (2,9) 11
(3,8) (3,9) 39
(4,8) (4,9) 13
(5,8) (5,9) 27
(1,9) (1,10) 14
(2,9) (2,10) 2
(3,9) (3,10) 14
(4,9) (4,10) 24
(5,9) (5,10) 41
(1,1) (2,1) 37
(2,1) (1,1) 35
(2,1) (3,1) 35
(3,1) (2,1) 50
(3,1) (4,1) 47
(4,1) (3,1) 9
(4,1) (5,1) 7
(5,1) (4,1) 11
(1,2) (2,2) 24
(2,2) (1,2) 32
(2,2) (3,2) 33
(3,2) (2,2) 20
(3,2) (4,2) 10
(4,2) (3,2) 4
(4,2) (5,2) 38
(5,2) (4,2) 14
(1,3) (2,3) 18
(2,3) (1,3) 26
(2,3) (3,3) 39
(3,3) (2,3) 2
(3,3) (4,3) 18
(4,3) (3,3) 8
(4,3) (5,3) 7
(5,3) (4,3) 2
(1,4) (2,4) 23
(2,4) (1,4) 14
(2,4) (3,4) 34
(3,4) (2,4) 38
(3,4) (4,4) 14
(4,4) (3,4) 48
(4,4) (5,4) 8
(5,4) (4,4) 27
(1,5) (2,5) 12
(2,5) (1,5) 39
(2,5) (3,5) 28
(3,5) (2,5) 30
(3,5) (4,5) 7
(4,5) (3,5) 7
(4,5) (5,5) 23
(5,5) (4,5) 44
(1,6) (2,6) 28
(2,6) (1,6) 9
(2,6) (3,6) 50
(3,6) (2,6) 38
(3,6) (4,6) 23
(4,6) (3,6) 26
(4,6) (5,6) 3
(5,6) (4,6) 22
(1,7) (2,7) 29
(2,7) (1,7) 15
(2,7) (3,7) 25
(3,7) (2,7) 29
(3,7) (4,7) 38
(4,7) (3,7) 21
(4,7) (5,7) 45
(5,7) (4,7) 34
(1,8) (2,8) 39
(2,8) (1,8) 15
(2,8) (3,8) 3
(3,8) (2,8) 8
(3,8) (4,8) 22
(4,8) (3,8) 39
(4,8) (5,8) 25
(5,8) (4,8) 22
(1,9) (2,9) 13
(2,9) (1,9) 15
(2,9) (3,9) 35
(3,9) (2,9) 50
(3,9) (4,9) 47
(4,9) (3,9) 49
(4,9) (5,9) 26
(5,9) (4,9) 26
(1,10) (2,10) 36
(2,10) (1,10) 42
(2,10) (3,10) 9
(3,10) (2,10) 43
(3,10) (4,10) 28
(4,10) (3,10) 46
(4,10) (5,10) 13
(5,10) (4,10) 31
(1,10) t 6
(2,10) t 46
(3,10) t 23
(4,10) t 34
(5,10) t 13
