s (1,1) 43
s (2,1) 5
s (3,1) 21
(1,1) (1,2) 23
(2,1) (2,2) 45
(3,1) (3,2) 9
(1,2) (1,3) 33
(2,2) (2,3) 3
(3,2) (3,3) 42
(1,3) (1,4) 22
(2,3) (2,4) 19
(3,3) (3,4) 34
(1,4) (1,5) 12
(2,4) (2,5) 34
(3,4) (3,5) 36
(1,5) (1,6) 26
(2,5) (2,6) 34
(3,5) (3,6) 47
(1,6) (1,7) 36
(2,6) (2,7) 20
(3,6) (3,7) 20
(1,7) (1,8) 3
(2,7) (2,8) 27
(3,7) (3,8) 49
(1,1) (2,1) 37
(2,1) (1,1) 23
(2,1) (3,1) 49
(3,1) (2,1) 42
(1,2) (2,2) 11
(2,2) (1,2) 34
(2,2) (3,2) 40
(3,2) (2,2) 34
(1,3) (2,3) 20
(2,3) (1,3) 6
(2,3) (3,3) 1
(3,3) (2,3) 20
(1,4) (2,4) 19
(2,4) (1,4) 35
(2,4) (3,4) 25
(3,4) (2,4) 27
(1,5) (2,5) 17
(2,5) (1,5) 44
(2,5) (3,5) 29
(3,5) (2,5) 1
(1,6) (2,6) 19
(2,6) (1,6) 45
(2,6) (3,6) 38
(3,6) (2,6) 25
(1,7) (2,7) 50
(2,7) (1,7) 21
(2,7) (3,7) 35
(3,7) (2,7) 43
(1,8) (2,8) 12
(2,8) (1,8) 29
(2,8) (3,8) 33
(3,8) (2,8) 15
(1,8) t 20
(2,8) t 8
(3,8) t 31
