s (1,1) 25
s (2,1) 24
s (3,1) 37
s (4,1) 35
s (5,1) 38
s (6,1) 50
s (7,1) 3
s (8,1) 17
s (9,1) 7
s (10,1) 4
(1,1) (1,2) 21
(2,1) (2,2) 7
(3,1) (3,2) 36
(4,1) (4,2) 47
(5,1) (5,2) 13
(6,1) (6,2) 25
(7,1) (7,2) 10
(8,1) (8,2) 27
(9,1) (9,2) 11
(10,1) (10,2) 16
(1,2) (1,3) 8
(2,2) (2,3) 36
(3,2) (3,3) 17
(4,2) (4,3) 11
(5,2) (5,3) 3
(6,2) (6,3) 38
(7,2) (7,3) 34
(8,2) (8,3) 46
(9,2) (9,3) 2
(10,2) (10,3) 3
(1,3) (1,4) 19
(2,3) (2,4) 38
(3,3) (3,4) 33
(4,3) (4,4) 18
(5,3) (5,4) 36
(6,3) (6,4) 34
(7,3) (7,4) 14
(8,3) (8,4) 37
(9,3) (9,4) 34
(10,3) (10,4) 49
(1,4) (1,5) 39
(2,4) (2,5) 21
(3,4) (3,5) 37
(4,4) (4,5) 2
(5,4) (5,5) 19
(6,4) (6,5) 4
(7,4) (7,5) 37
(8,4) (8,5) 3
(9,4) (9,5) 14
(10,4) (10,5) 38
(1,5) (1,6) 17
(2,5) (2,6) 1
(3,5) (3,6) 42
(4,5) (4,6) 14
(5,5) (5,6) 35
(6,5) (6,6) 31
(7,5) (7,6) 35
(8,5) (8,6) 38
(9,5) (9,6) 27
(10,5) (10,6) 34
(1,6) (1,7) 42
(2,6) (2,7) 36
(3,6) (3,7) 21
(4,6) (4,7) 12
(5,6) (5,7) 48
(6,6) (6,7) 35
(7,6) (7,7) 36
(8,6) (8,7) 30
(9,6) (9,7) 23
(10,6) (10,7) 31
(1,7) (1,8) 8
(2,7) (2,8) 20
(3,7) (3,8) 32
(4,7) (4,8) 16
(5,7) (5,8) 35
(6,7) (6,8) 5
(7,7) (7,8) 27
(8,7) (8,8) 8
(9,7) (9,8) 28
(10,7) (10,8) 41
(1,8) (1,9) 2
(2,8) (2,9) 50
(3,8) (3,9) 19
(4,8) (4,9) 43
(5,8) (5,9) 3
(6,8) (6,9) 8
(7,8) (7,9) 4
(8,8) (8,9) 44
(9,8) (9,9) 44
(10,8) (10,9) 10
(1,9) (1,10) 46
(2,9) (2,10) 39
(3,9) (3,10) 23
(4,9) (4,10) 5
(5,9) (5,10) 24
(6,9) (6,10) 26
(7,9) (7,10) 31
(8,9) (8,10) 36
(9,9) (9,10) 5
(10,9) (10,10) 19
(1,10) (1,11) 31
(2,10) (2,11) 27
(3,10) (3,11) 46
(4,10) (4,11) 14
(5,10) (5,11) 36
(6,10) (6,11) 26
(7,10) (7,11) 5
(8,10) (8,11) 31
(9,10) (9,11) 16
(10,10) (10,11) 22
(1,11) (1,12) 12
(2,11) (2,12) 5
(3,11) (3,12) 6
(4,11) (4,12) 41
(5,11) (5,12) 19
(6,11) (6,12) 21
(7,11) (7,12) 15
(8,11) (8,12) 29
(9,11) (9,12) 39
(10,11) (10,12) 34
(1,12) (1,13) 23
(2,12) (2,13) 45
(3,12) (3,13) 32
(4,12) (4,13) 15
(5,12) (5,13) 49
(6,12) (6,13) 26
(7,12) (7,13) 14
(8,12) (8,13) 25
(9,12) (9,13) 14
(10,12) (10,13) 27
(1,13) (1,14) 22
(2,13) (2,14) 21
(3,13) (3,14) 18
(4,13) (4,14) 19
(5,13) (5,14) 10
(6,13) (6,14) 25
(7,13) (7,14) 48
(8,13) (8,14) 46
(9,13) (9,14) 40
(10,13) (10,14) 47
(1,14) (1,15) 10
(2,14) (2,15) 16
(3,14) (3,15) 15
(4,14) (4,15) 13
(5,14) (5,15) 42
(6,14) (6,15) 10
(7,14) (7,15) 47
(8,14) (8,15) 8
(9,14) (9,15) 25
(10,14) (10,15) 11
(1,15) (1,16) 35
(2,15) (2,16) 23
(3,15) (3,16) 11
(4,15) (4,16) 35
(5,15) (5,16) 35
(6,15) (6,16) 1
(7,15) (7,16) 20
(8,15) (8,16) 49
(9,15) (9,16) 2
(10,15) (10,16) 49
(1,16) (1,17) 20
(2,16) (2,17) 12
(3,16) (3,17) 27
(4,16) (4,17) 25
(5,16) (5,17) 35
(6,16) (6,17) 5
(7,16) (7,17) 21
(8,16) (8,17) 37
(9,16) (9,17) 46
(10,16) (10,17) 13
(1,17) (1,18) 7
(2,17) (2,18) 38
(3,17) (3,18) 33
(4,17) (4,18) 44
(5,17) (5,18) 50
(6,17) (6,18) 12
(7,17) (7,18) 24
(8,17) (8,18) 48
(9,17) (9,18) 4
(10,17) (10,18) 39
(1,18) (1,19) 50
(2,18) (2,19) 16
(3,18) (3,19) 17
(4,18) (4,19) 31
(5,18) (5,19) 29
(6,18) (6,19) 1
(7,18) (7,19) 6
(8,18) (8,19) 48
(9,18) (9,19) 36
(10,18) (10,19) 37
(1,19) (1,20) 30
(2,19) (2,20) 23
(3,19) (3,20) 44
(4,19) (4,20) 16
(5,19) (5,20) 50
(6,19) (6,20) 1
(7,19) (7,20) 36
(8,19) (8,20) 4
(9,19) (9,20) 13
(10,19) (10,20) 18
(1,1) (2,1) 17
(2,1) (1,1) 29
(2,1) (3,1) 38
(3,1) (2,1) 25
(3,1) (4,1) 4
(4,1) (3,1) 43
(4,1) (5,1) 35
(5,1) (4,1) 48
(5,1) (6,1) 7
(6,1) (5,1) 24
(6,1) (7,1) 31
(7,1) (6,1) 23
(7,1) (8,1) 48
(8,1) (7,1) 32
(8,1) (9,1) 47
(9,1) (8,1) 44
(9,1) (10,1) 49
(10,1) (9,1) 47
(1,2) (2,2) 34
(2,2) (1,2) 15
(2,2) (3,2) 36
(3,2) (2,2) 8
(3,2) (4,2) 32
(4,2) (3,2) 26
(4,2) (5,2) 11
(5,2) (4,2) 12
(5,2) (6,2) 42
(6,2) (5,2) 15
(6,2) (7,2) 5
(7,2) (6,2) 47
(7,2) (8,2) 25
(8,2) (7,2) 12
(8,2) (9,2) 38
(9,2) (8,2) 30
(9,2) (10,2) 44
(10,2) (9,2) 27
(1,3) (2,3) 5
(2,3) (1,3) 48
(2,3) (3,3) 10
(3,3) (2,3) 20
(3,3) (4,3) 25
(4,3) (3,3) 2
(4,3) (5,3) 19
(5,3) (4,3) 5
(5,3) (6,3) 3
(6,3) (5,3) 39
(6,3) (7,3) 11
(7,3) (6,3) 12
(7,3) (8,3) 12
(8,3) (7,3) 50
(8,3) (9,3) 17
(9,3) (8,3) 50
(9,3) (10,3) 8
(10,3) (9,3) 10
(1,4) (2,4) 41
(2,4) (1,4) 14
(2,4) (3,4) 38
(3,4) (2,4) 11
(3,4) (4,4) 46
(4,4) (3,4) 40
(4,4) (5,4) 46
(5,4) (4,4) 18
(5,4) (6,4) 20
(6,4) (5,4) 7
(6,4) (7,4) 1
(7,4) (6,4) 31
(7,4) (8,4) 18
(8,4) (7,4) 39
(8,4) (9,4) 2
(9,4) (8,4) 41
(9,4) (10,4) 38
(10,4) (9,4) 26
(1,5) (2,5) 27
(2,5) (1,5) 24
(2,5) (3,5) 32
(3,5) (2,5) 6
(3,5) (4,5) 43
(4,5) (3,5) 45
(4,5) (5,5) 13
(5,5) (4,5) 1
(5,5) (6,5) 47
(6,5) (5,5) 30
(6,5) (7,5) 16
(7,5) (6,5) 24
(7,5) (8,5) 16
(8,5) (7,5) 42
(8,5) (9,5) 3
(9,5) (8,5) 21
(9,5) (10,5) 26
(10,5) (9,5) 15
(1,6) (2,6) 15
(2,6) (1,6) 32
(2,6) (3,6) 31
(3,6) (2,6) 5
(3,6) (4,6) 37
(4,6) (3,6) 28
(4,6) (5,6) 39
(5,6) (4,6) 29
(5,6) (6,6) 43
(6,6) (5,6) 12
(6,6) (7,6) 41
(7,6) (6,6) 32
(7,6) (8,6) 45
(8,6) (7,6) 3
(8,6) (9,6) 40
(9,6) (8,6) 9
(9,6) (10,6) 29
(10,6) (9,6) 25
(1,7) (2,7) 48
(2,7) (1,7) 9
(2,7) (3,7) 16
(3,7) (2,7) 41
(3,7) (4,7) 23
(4,7) (3,7) 38
(4,7) (5,7) 6
(5,7) (4,7) 18
(5,7) (6,7) 28
(6,7) (5,7) 43
(6,7) (7,7) 50
(7,7) (6,7) 20
(7,7) (8,7) 3
(8,7) (7,7) 16
(8,7) (9,7) 17
(9,7) (8,7) 10
(9,7) (10,7) 3
(10,7) (9,7) 31
(1,8) (2,8) 34
(2,8) (1,8) 35
(2,8) (3,8) 2
(3,8) (2,8) 35
(3,8) (4,8) 37
(4,8) (3,8) 9
(4,8) (5,8) 42
(5,8) (4,8) 10
(5,8) (6,8) 11
(6,8) (5,8) 47
(6,8) (7,8) 47
(7,8) (6,8) 48
(7,8) (8,8) 13
(8,8) (7,8) 7
(8,8) (9,8) 23
(9,8) (8,8) 33
(9,8) (10,8) 28
(10,8) (9,8) 15
(1,9) (2,9) 35
(2,9) (1,9) 29
(2,9) (3,9) 4
(3,9) (2,9) 7
(3,9) (4,9) 34
(4,9) (3,9) 17
(4,9) (5,9) 8
(5,9) (4,9) 26
(5,9) (6,9) 8
(6,9) (5,9) 19
(6,9) (7,9) 33
(7,9) (6,9) 29
(7,9) (8,9) 34
(8,9) (7,9) 28
(8,9) (9,9) 15
(9,9) (8,9) 29
(9,9) (10,9) 20
(10,9) (9,9) 5
(1,10) (2,10) 19
(2,10) (1,10) 11
(2,10) (3,10) 22
(3,10) (2,10) 19
(3,10) (4,10) 32
(4,10) (3,10) 25
(4,10) (5,10) 13
(5,10) (4,10) 31
(5,10) (6,10) 44
(6,10) (5,10) 34
(6,10) (7,10) 44
(7,10) (6,10) 29
(7,10) (8,10) 23
(8,10) (7,10) 49
(8,10) (9,10) 29
(9,10) (8,10) 17
(9,10) (10,10) 37
(10,10) (9,10) 29
(1,11) (2,11) 27
(2,11) (1,11) 32
(2,11) (3,11) 25
(3,11) (2,11) 21
(3,11) (4,11) 8
(4,11) (3,11) 21
(4,11) (5,11) 12
(5,11) (4,11) 34
(5,11) (6,11) 48
(6,11) (5,11) 40
(6,11) (7,11) 29
(7,11) (6,11) 10
(7,11) (8,11) 25
(8,11) (7,11) 3
(8,11) (9,11) 50
(9,11) (8,11) 37
(9,11) (10,11) 25
(10,11) (9,11) 27
(1,12) (2,12) 45
(2,12) (1,12) 37
(2,12) (3,12) 32
(3,12) (2,12) 46
(3,12) (4,12) 9
(4,12) (3,12) 24
(4,12) (5,12) 11
(5,12) (4,12) 5
(5,12) (6,12) 30
(6,12) (5,12) 40
(6,12) (7,12) 10
(7,12) (6,12) 47
(7,12) (8,12) 49
(8,12) (7,12) 32
(8,12) (9,12) 35
(9,12) (8,12) 24
(9,12) (10,12) 42
(10,12) (9,12) 49
(1,13) (2,13) 11
(2,13) (1,13) 42
(2,13) (3,13) 42
(3,13) (2,13) 34
(3,13) (4,13) 41
(4,13) (3,13) 24
(4,13) (5,13) 14
(5,13) (4,13) 3
(5,13) (6,13) 21
(6,13) (5,13) 16
(6,13) (7,13) 40
(7,13) (6,13) 25
(7,13) (8,13) 11
(8,13) (7,13) 1
(8,13) (9,13) 17
(9,13) (8,13) 3
(9,13) (10,13) 43
(10,13) (9,13) 3
(1,14) (2,14) 49
(2,14) (1,14) 18
(2,14) (3,14) 38
(3,14) (2,14) 46
(3,14) (4,14) 45
(4,14) (3,14) 42
(4,14) (5,14) 27
(5,14) (4,14) 5
(5,14) (6,14) 44
(6,14) (5,14) 27
(6,14) (7,14) 32
(7,14) (6,14) 42
(7,14) (8,14) 22
(8,14) (7,14) 4
(8,14) (9,14) 36
(9,14) (8,14) 28
(9,14) (10,14) 48
(10,14) (9,14) 10
(1,15) (2,15) 17
(2,15) (1,15) 29
(2,15) (3,15) 24
(3,15) (2,15) 32
(3,15) (4,15) 41
(4,15) (3,15) 45
(4,15) (5,15) 2
(5,15) (4,15) 28
(5,15) (6,15) 18
(6,15) (5,15) 21
(6,15) (7,15) 3
(7,15) (6,15) 41
(7,15) (8,15) 49
(8,15) (7,15) 10
(8,15) (9,15) 32
(9,15) (8,15) 4
(9,15) (10,15) 1
(10,15) (9,15) 47
(1,16) (2,16) 10
(2,16) (1,16) 32
(2,16) (3,16) 17
(3,16) (2,16) 13
(3,16) (4,16) 11
(4,16) (3,16) 45
(4,16) (5,16) 42
(5,16) (4,16) 21
(5,16) (6,16) 25
(6,16) (5,16) 21
(6,16) (7,16) 37
(7,16) (6,16) 2
(7,16) (8,16) 3
(8,16) (7,16) 13
(8,16) (9,16) 19
(9,16) (8,16) 27
(9,16) (10,16) 32
(10,16) (9,16) 14
(1,17) (2,17) 9
(2,17) (1,17) 2
(2,17) (3,17) 49
(3,17) (2,17) 10
(3,17) (4,17) 26
(4,17) (3,17) 25
(4,17) (5,17) 17
(5,17) (4,17) 47
(5,17) (6,17) 37
(6,17) (5,17) 7
(6,17) (7,17) 3
(7,17) (6,17) 30
(7,17) (8,17) 13
(8,17) (7,17) 32
(8,17) (9,17) 22
(9,17) (8,17) 30
(9,17) (10,17) 1
(10,17) (9,17) 26
(1,18) (2,18) 1
(2,18) (1,18) 35
(2,18) (3,18) 45
(3,18) (2,18) 3
(3,18) (4,18) 39
(4,18) (3,18) 22
(4,18) (5,18) 17
(5,18) (4,18) 29
(5,18) (6,18) 50
(6,18) (5,18) 20
(6,18) (7,18) 49
(7,18) (6,18) 4
(7,18) (8,18) 32
(8,18) (7,18) 50
(8,18) (9,18) 12
(9,18) (8,18) 39
(9,18) (10,18) 43
(10,18) (9,18) 28
(1,19) (2,19) 45
(2,19) (1,19) 27
(2,19) (3,19) 17
(3,19) (2,19) 50
(3,19) (4,19) 2
(4,19) (3,19) 37
(4,19) (5,19) 9
(5,19) (4,19) 35
(5,19) (6,19) 10
(6,19) (5,19) 4
(6,19) (7,19) 47
(7,19) (6,19) 23
(7,19) (8,19) 49
(8,19) (7,19) 33
(8,19) (9,19) 13
(9,19) (8,19) 4
(9,19) (10,19) 28
(10,19) (9,19) 50
(1,20) (2,20) 18
(2,20) (1,20) 10
(2,20) (3,20) 36
(3,20) (2,20) 43
(3,20) (4,20) 13
(4,20) (3,20) 2
(4,20) (5,20) 35
(5,20) (4,20) 27
(5,20) (6,20) 46
(6,20) (5,20) 24
(6,20) (7,20) 37
(7,20) (6,20) 21
(7,20) (8,20) 5
(8,20) (7,20) 34
(8,20) (9,20) 14
(9,20) (8,20) 47
(9,20) (10,20) 49
(10,20) (9,20) 8
(1,20) t 32
(2,20) t 13
(3,20) t 8
(4,20) t 29
(5,20) t 12
(6,20) t 7
(7,20) t 33
(8,20) t 8
(9,20) t 50
(10,20) t 31
