s (1,1) 10
s (2,1) 19
s (3,1) 3
s (4,1) 43
s (5,1) 13
s (6,1) 29
s (7,1) 49
s (8,1) 43
s (9,1) 21
s (10,1) 21
(1,1) (1,2) 2
(2,1) (2,2) 45
(3,1) (3,2) 9
(4,1) (4,2) 43
(5,1) (5,2) 18
(6,1) (6,2) 9
(7,1) (7,2) 6
(8,1) (8,2) 31
(9,1) (9,2) 32
(10,1) (10,2) 1
(1,2) (1,3) 32
(2,2) (2,3) 1
(3,2) (3,3) 33
(4,2) (4,3) 24
(5,2) (5,3) 38
(6,2) (6,3) 33
(7,2) (7,3) 24
(8,2) (8,3) 35
(9,2) (9,3) 42
(10,2) (10,3) 15
(1,3) (1,4) 39
(2,3) (2,4) 34
(3,3) (3,4) 50
(4,3) (4,4) 12
(5,3) (5,4) 41
(6,3) (6,4) 24
(7,3) (7,4) 48
(8,3) (8,4) 49
(9,3) (9,4) 18
(10,3) (10,4) 30
(1,4) (1,5) 3
(2,4) (2,5) 8
(3,4) (3,5) 49
(4,4) (4,5) 33
(5,4) (5,5) 7
(6,4) (6,5) 17
(7,4) (7,5) 49
(8,4) (8,5) 27
(9,4) (9,5) 26
(10,4) (10,5) 38
(1,5) (1,6) 22
(2,5) (2,6) 28
(3,5) (3,6) 22
(4,5) (4,6) 31
(5,5) (5,6) 37
(6,5) (6,6) 46
(7,5) (7,6) 3
(8,5) (8,6) 13
(9,5) (9,6) 44
(10,5) (10,6) 38
(1,6) (1,7) 16
(2,6) (2,7) 44
(3,6) (3,7) 47
(4,6) (4,7) 47
(5,6) (5,7) 27
(6,6) (6,7) 21
(7,6) (7,7) 10
(8,6) (8,7) 32
(9,6) (9,7) 46
(10,6) (10,7) 4
(1,7) (1,8) 27
(2,7) (2,8) 42
(3,7) (3,8) 11
(4,7) (4,8) 16
(5,7) (5,8) 38
(6,7) (6,8) 36
(7,7) (7,8) 26
(8,7) (8,8) 25
(9,7) (9,8) 21
(10,7) (10,8) 33
(1,8) (1,9) 3
(2,8) (2,9) 8
(3,8) (3,9) 9
(4,8) (4,9) 22
(5,8) (5,9) 40
(6,8) (6,9) 26
(7,8) (7,9) 30
(8,8) (8,9) 4
(9,8) (9,9) 14
(10,8) (10,9) 41
(1,9) (1,10) 13
(2,9) (2,10) 23
(3,9) (3,10) 12
(4,9) (4,10) 11
(5,9) (5,10) 1
(6,9) (6,10) 30
(7,9) (7,10) 4
(8,9) (8,10) 22
(9,9) (9,10) 10
(10,9) (10,10) 33
(1,10) (1,11) 19
(2,10) (2,11) 40
(3,10) (3,11) 44
(4,10) (4,11) 28
(5,10) (5,11) 22
(6,10) (6,11) 2
(7,10) (7,11) 25
(8,10) (8,11) 26
(9,10) (9,11) 36
(10,10) (10,11) 14
(1,11) (1,12) 44
(2,11) (2,12) 11
(3,11) (3,12) 41
(4,11) (4,12) 50
(5,11) (5,12) 9
(6,11) (6,12) 39
(7,11) (7,12) 12
(8,11) (8,12) 24
(9,11) (9,12) 11
(10,11) (10,12) 13
(1,12) (1,13) 20
(2,12) (2,13) 2
(3,12) (3,13) 12
(4,12) (4,13) 2
(5,12) (5,13) 23
(6,12) (6,13) 46
(7,12) (7,13) 44
(8,12) (8,13) 20
(9,12) (9,13) 3
(10,12) (10,13) 41
(1,13) (1,14) 49
(2,13) (2,14) 40
(3,13) (3,14) 11
(4,13) (4,14) 8
(5,13) (5,14) 49
(6,13) (6,14) 36
(7,13) (7,14) 12
(8,13) (8,14) 15
(9,13) (9,14) 7
(10,13) (10,14) 33
(1,14) (1,15) 1
(2,14) (2,15) 9
(3,14) (3,15) 34
(4,14) (4,15) 7
(5,14) (5,15) 29
(6,14) (6,15) 1
(7,14) (7,15) 40
(8,14) (8,15) 24
(9,14) (9,15) 29
(10,14) (10,15) 22
(1,1) (2,1) 9
(2,1) (1,1) 20
(2,1) (3,1) 14
(3,1) (2,1) 14
(3,1) (4,1) 29
(4,1) (3,1) 15
(4,1) (5,1) 43
(5,1) (4,1) 48
(5,1) (6,1) 32
(6,1) (5,1) 44
(6,1) (7,1) 7
(7,1) (6,1) 20
(7,1) (8,1) 27
(8,1) (7,1) 1
(8,1) (9,1) 3
(9,1) (8,1) 45
(9,1) (10,1) 40
(10,1) (9,1) 43
(1,2) (2,2) 14
(2,2) (1,2) 31
(2,2) (3,2) 48
(3,2) (2,2) 40
(3,2) (4,2) 38
(4,2) (3,2) 21
(4,2) (5,2) 31
(5,2) (4,2) 29
(5,2) (6,2) 50
(6,2) (5,2) 36
(6,2) (7,2) 47
(7,2) (6,2) 27
(7,2) (8,2) 39
(8,2) (7,2) 42
(8,2) (9,2) 13
(9,2) (8,2) 23
(9,2) (10,2) 33
(10,2) (9,2) 36
(1,3) (2,3) 18
(2,3) (1,3) 48
(2,3) (3,3) 4
(3,3) (2,3) 2
(3,3) (4,3) 33
(4,3) (3,3) 3
(4,3) (5,3) 26
(5,3) (4,3) 22
(5,3) (6,3) 49
(6,3) (5,3) 34
(6,3) (7,3) 39
(7,3) (6,3) 3
(7,3) (8,3) 17
(8,3) (7,3) 18
(8,3) (9,3) 34
(9,3) (8,3) 5
(9,3) (10,3) 50
(10,3) (9,3) 25
(1,4) (2,4) 31
(2,4) (1,4) 30
(2,4) (3,4) 21
(3,4) (2,4) 25
(3,4) (4,4) 7
(4,4) (3,4) 27
(4,4) (5,4) 11
(5,4) (4,4) 36
(5,4) (6,4) 45
(6,4) (5,4) 8
(6,4) (7,4) 29
(7,4) (6,4) 49
(7,4) (8,4) 18
(8,4) (7,4) 23
(8,4) (9,4) 36
(9,4) (8,4) 8
(9,4) (10,4) 36
(10,4) (9,4) 45
(1,5) (2,5) 33
(2,5) (1,5) 1
(2,5) (3,5) 13
(3,5) (2,5) 31
(3,5) (4,5) 4
(4,5) (3,5) 4
(4,5) (5,5) 4
(5,5) (4,5) 49
(5,5) (6,5) 38
(6,5) (5,5) 26
(6,5) (7,5) 49
(7,5) (6,5) 37
(7,5) (8,5) 42
(8,5) (7,5) 12
(8,5) (9,5) 33
(9,5) (8,5) 49
(9,5) (10,5) 28
(10,5) (9,5) 9
(1,6) (2,6) 35
(2,6) (1,6) 17
(2,6) (3,6) 2
(3,6) (2,6) 24
(3,6) (4,6) 35
(4,6) (3,6) 38
(4,6) (5,6) 22
(5,6) (4,6) 13
(5,6) (6,6) 26
(6,6) (5,6) 19
(6,6) (7,6) 34
(7,6) (6,6) 46
(7,6) (8,6) 15
(8,6) (7,6) 34
(8,6) (9,6) 2
(9,6) (8,6) 30
(9,6) (10,6) 6
(10,6) (9,6) 27
(1,7) (2,7) 14
(2,7) (1,7) 29
(2,7) (3,7) 28
(3,7) (2,7) 46
(3,7) (4,7) 41
(4,7) (3,7) 43
(4,7) (5,7) 5
(5,7) (4,7) 15
(5,7) (6,7) 45
(6,7) (5,7) 8
(6,7) (7,7) 30
(7,7) (6,7) 32
(7,7) (8,7) 37
(8,7) (7,7) 37
(8,7) (9,7) 34
(9,7) (8,7) 38
(9,7) (10,7) 32
(10,7) (9,7) 45
(1,8) (2,8) 48
(2,8) (1,8) 6
(2,8) (3,8) 48
(3,8) (2,8) 22
(3,8) (4,8) 3
(4,8) (3,8) 2
(4,8) (5,8) 12
(5,8) (4,8) 8
(5,8) (6,8) 35
(6,8) (5,8) 4
(6,8) (7,8) 36
(7,8) (6,8) 9
(7,8) (8,8) 12
(8,8) (7,8) 16
(8,8) (9,8) 46
(9,8) (8,8) 39
(9,8) (10,8) 42
(10,8) (9,8) 13
(1,9) (2,9) 2
(2,9) (1,9) 6
(2,9) (3,9) 43
(3,9) (2,9) 27
(3,9) (4,9) 17
(4,9) (3,9) 29
(4,9) (5,9) 24
(5,9) (4,9) 11
(5,9) (6,9) 37
(6,9) (5,9) 32
(6,9) (7,9) 14
(7,9) (6,9) 24
(7,9) (8,9) 26
(8,9) (7,9) 45
(8,9) (9,9) 50
(9,9) (8,9) 21
(9,9) (10,9) 20
(10,9) (9,9) 28
(1,10) (2,10) 45
(2,10) (1,10) 3
(2,10) (3,10) 46
(3,10) (2,10) 26
(3,10) (4,10) 30
(4,10) (3,10) 34
(4,10) (5,10) 16
(5,10) (4,10) 8
(5,10) (6,10) 28
(6,10) (5,10) 22
(6,10) (7,10) 4
(7,10) (6,10) 12
(7,10) (8,10) 10
(8,10) (7,10) 11
(8,10) (9,10) 45
(9,10) (8,10) 22
(9,10) (10,10) 48
(10,10) (9,10) 28
(1,11) (2,11) 16
(2,11) (1,11) 47
(2,11) (3,11) 39
(3,11) (2,11) 26
(3,11) (4,11) 1
(4,11) (3,11) 43
(4,11) (5,11) 30
(5,11) (4,11) 33
(5,11) (6,11) 50
(6,11) (5,11) 44
(6,11) (7,11) 49
(7,11) (6,11) 17
(7,11) (8,11) 41
(8,11) (7,11) 14
(8,11) (9,11) 45
(9,11) (8,11) 22
(9,11) (10,11) 8
(10,11) (9,11) 28
(1,12) (2,12) 2
(2,12) (1,12) 48
(2,12) (3,12) 14
(3,12) (2,12) 39
(3,12) (4,12) 43
(4,12) (3,12) 11
(4,12) (5,12) 24
(5,12) (4,12) 10
(5,12) (6,12) 16
(6,12) (5,12) 15
(6,12) (7,12) 45
(7,12) (6,12) 7
(7,12) (8,12) 41
(8,12) (7,12) 12
(8,12) (9,12) 37
(9,12) (8,12) 5
(9,12) (10,12) 5
(10,12) (9,12) 28
(1,13) (2,13) 45
(2,13) (1,13) 46
(2,13) (3,13) 30
(3,13) (2,13) 20
(3,13) (4,13) 32
(4,13) (3,13) 25
(4,13) (5,13) 41
(5,13) (4,13) 19
(5,13) (6,13) 9
(6,13) (5,13) 39
(6,13) (7,13) 5
(7,13) (6,13) 45
(7,13) (8,13) 19
(8,13) (7,13) 13
(8,13) (9,13) 19
(9,13) (8,13) 29
(9,13) (10,13) 45
(10,13) (9,13) 24
(1,14) (2,14) 32
(2,14) (1,14) 5
(2,14) (3,14) 11
(3,14) (2,14) 4
(3,14) (4,14) 22
(4,14) (3,14) 6
(4,14) (5,14) 40
(5,14) (4,14) 2
(5,14) (6,14) 23
(6,14) (5,14) 3
(6,14) (7,14) 38
(7,14) (6,14) 1
(7,14) (8,14) 40
(8,14) (7,14) 33
(8,14) (9,14) 5
(9,14) (8,14) 22
(9,14) (10,14) 35
(10,14) (9,14) 3
(1,15) (2,15) 4
(2,15) (1,15) 50
(2,15) (3,15) 15
(3,15) (2,15) 16
(3,15) (4,15) 13
(4,15) (3,15) 7
(4,15) (5,15) 43
(5,15) (4,15) 36
(5,15) (6,15) 4
(6,15) (5,15) 7
(6,15) (7,15) 7
(7,15) (6,15) 16
(7,15) (8,15) 6
(8,15) (7,15) 42
(8,15) (9,15) 34
(9,15) (8,15) 17
(9,15) (10,15) 19
(10,15) (9,15) 33
(1,15) t 36
(2,15) t 2
(3,15) t 9
(4,15) t 1
(5,15) t 7
(6,15) t 19
(7,15) t 26
(8,15) t 47
(9,15) t 36
(10,15) t 44
