s (1,1) 12
s (2,1) 42
s (3,1) 43
(1,1) (1,2) 25
(2,1) (2,2) 49
(3,1) (3,2) 49
(1,2) (1,3) 26
(2,2) (2,3) 38
(3,2) (3,3) 30
(1,3) (1,4) 4
(2,3) (2,4) 11
(3,3) (3,4) 32
(1,4) (1,5) 16
(2,4) (2,5) 25
(3,4) (3,5) 3
(1,5) (1,6) 14
(2,5) (2,6) 18
(3,5) (3,6) 19
(1,6) (1,7) 9
(2,6) (2,7) 27
(3,6) (3,7) 11
(1,7) (1,8) 11
(2,7) (2,8) 38
(3,7) (3,8) 10
(1,8) (1,9) 15
(2,8) (2,9) 26
(3,8) (3,9) 24
(1,1) (2,1) 22
(2,1) (1,1) 31
(2,1) (3,1) 32
(3,1) (2,1) 37
(1,2) (2,2) 35
(2,2) (1,2) 41
(2,2) (3,2) 49
(3,2) (2,2) 45
(1,3) (2,3) 23
(2,3) (1,3) 47
(2,3) (3,3) 6
(3,3) (2,3) 13
(1,4) (2,4) 24
(2,4) (1,4) 44
(2,4) (3,4) 41
(3,4) (2,4) 19
(1,5) (2,5) 44
(2,5) (1,5) 8
(2,5) (3,5) 45
(3,5) (2,5) 9
(1,6) (2,6) 2
(2,6) (1,6) 3
(2,6) (3,6) 32
(3,6) (2,6) 43
(1,7) (2,7) 38
(2,7) (1,7) 45
(2,7) (3,7) 45
(3,7) (2,7) 40
(1,8) (2,8) 30
(2,8) (1,8) 25
(2,8) (3,8) 17
(3,8) (2,8) 9
(1,9) (2,9) 39
(2,9) (1,9) 2
(2,9) (3,9) 19
(3,9) (2,9) 33
(1,9) t 44
(2,9) t 19
(3,9) t 23
