s (1,1) 46
s (2,1) 18
s (3,1) 28
s (4,1) 32
s (5,1) 3
(1,1) (1,2) 47
(2,1) (2,2) 15
(3,1) (3,2) 9
(4,1) (4,2) 19
(5,1) (5,2) 49
(1,2) (1,3) 18
(2,2) (2,3) 21
(3,2) (3,3) 42
(4,2) (4,3) 12
(5,2) (5,3) 30
(1,3) (1,4) 19
(2,3) (2,4) 47
(3,3) (3,4) 40
(4,3) (4,4) 34
(5,3) (5,4) 6
(1,4) (1,5) 49
(2,4) (2,5) 15
(3,4) (3,5) 37
(4,4) (4,5) 13
(5,4) (5,5) 18
(1,1) (2,1) 16
(2,1) (1,1) 41
(2,1) (3,1) 42
(3,1) (2,1) 17
(3,1) (4,1) 15
(4,1) (3,1) 14
(4,1) (5,1) 19
(5,1) (4,1) 5
(1,2) (2,2) 38
(2,2) (1,2) 7
(2,2) (3,2) 49
(3,2) (2,2) 50
(3,2) (4,2) 17
(4,2) (3,2) 47
(4,2) (5,2) 24
(5,2) (4,2) 21
(1,3) (2,3) 34
(2,3) (1,3) 11
(2,3) (3,3) 36
(3,3) (2,3) 5
(3,3) (4,3) 36
(4,3) (3,3) 22
(4,3) (5,3) 48
(5,3) (4,3) 14
(1,4) (2,4) 47
(2,4) (1,4) 41
(2,4) (3,4) 22
(3,4) (2,4) 22
(3,4) (4,4) 25
(4,4) (3,4) 26
(4,4) (5,4) 31
(5,4) (4,4) 27
(1,5) (2,5) 43
(2,5) (1,5) 12
(2,5) (3,5) 42
(3,5) (2,5) 31
(3,5) (4,5) 5
(4,5) (3,5) 38
(4,5) (5,5) 16
(5,5) (4,5) 45
(1,5) t 14
(2,5) t 40
(3,5) t 15
(4,5) t 49
(5,5) t 15
