s (1,1) 14
s (2,1) 37
s (3,1) 45
s (4,1) 10
s (5,1) 25
s (6,1) 46
s (7,1) 38
s (8,1) 7
s (9,1) 5
s (10,1) 31
(1,1) (1,2) 3
(2,1) (2,2) 24
(3,1) (3,2) 30
(4,1) (4,2) 14
(5,1) (5,2) 18
(6,1) (6,2) 17
(7,1) (7,2) 44
(8,1) (8,2) 18
(9,1) (9,2) 11
(10,1) (10,2) 7
(1,2) (1,3) 11
(2,2) (2,3) 26
(3,2) (3,3) 17
(4,2) (4,3) 14
(5,2) (5,3) 6
(6,2) (6,3) 9
(7,2) (7,3) 11
(8,2) (8,3) 36
(9,2) (9,3) 21
(10,2) (10,3) 22
(1,3) (1,4) 14
(2,3) (2,4) 36
(3,3) (3,4) 22
(4,3) (4,4) 35
(5,3) (5,4) 9
(6,3) (6,4) 12
(7,3) (7,4) 18
(8,3) (8,4) 38
(9,3) (9,4) 46
(10,3) (10,4) 2
(1,4) (1,5) 4
(2,4) (2,5) 19
(3,4) (3,5) 45
(4,4) (4,5) 47
(5,4) (5,5) 1
(6,4) (6,5) 23
(7,4) (7,5) 3
(8,4) (8,5) 9
(9,4) (9,5) 10
(10,4) (10,5) 37
(1,5) (1,6) 8
(2,5) (2,6) 40
(3,5) (3,6) 3
(4,5) (4,6) 26
(5,5) (5,6) 14
(6,5) (6,6) 11
(7,5) (7,6) 32
(8,5) (8,6) 44
(9,5) (9,6) 41
(10,5) (10,6) 4
(1,6) (1,7) 16
(2,6) (2,7) 29
(3,6) (3,7) 2
(4,6) (4,7) 20
(5,6) (5,7) 13
(6,6) (6,7) 32
(7,6) (7,7) 45
(8,6) (8,7) 25
(9,6) (9,7) 11
(10,6) (10,7) 6
(1,7) (1,8) 26
(2,7) (2,8) 50
(3,7) (3,8) 42
(4,7) (4,8) 38
(5,7) (5,8) 27
(6,7) (6,8) 48
(7,7) (7,8) 35
(8,7) (8,8) 10
(9,7) (9,8) 20
(10,7) (10,8) 20
(1,8) (1,9) 21
(2,8) (2,9) 11
(3,8) (3,9) 21
(4,8) (4,9) 43
(5,8) (5,9) 6
(6,8) (6,9) 24
(7,8) (7,9) 8
(8,8) (8,9) 28
(9,8) (9,9) 50
(10,8) (10,9) 31
(1,9) (1,10) 30
(2,9) (2,10) 7
(3,9) (3,10) 17
(4,9) (4,10) 43
(5,9) (5,10) 28
(6,9) (6,10) 18
(7,9) (7,10) 14
(8,9) (8,10) 22
(9,9) (9,10) 15
(10,9) (10,10) 17
(1,1) (2,1) 35
(2,1) (1,1) 37
(2,1) (3,1) 47
(3,1) (2,1) 32
(3,1) (4,1) 46
(4,1) (3,1) 5
(4,1) (5,1) 21
(5,1) (4,1) 2
(5,1) (6,1) 23
(6,1) (5,1) 9
(6,1) (7,1) 30
(7,1) (6,1) 35
(7,1) (8,1) 37
(8,1) (7,1) 22
(8,1) (9,1) 50
(9,1) (8,1) 50
(9,1) (10,1) 46
(10,1) (9,1) 32
(1,2) (2,2) 2
(2,2) (1,2) 34
(2,2) (3,2) 48
(3,2) (2,2) 17
(3,2) (4,2) 42
(4,2) (3,2) 9
(4,2) (5,2) 17
(5,2) (4,2) 16
(5,2) (6,2) 31
(6,2) (5,2) 15
(6,2) (7,2) 49
(7,2) (6,2) 6
(7,2) (8,2) 21
(8,2) (7,2) 21
(8,2) (9,2) 39
(9,2) (8,2) 43
(9,2) (10,2) 38
(10,2) (9,2) 37
(1,3) (2,3) 39
(2,3) (1,3) 36
(2,3) (3,3) 2
(3,3) (2,3) 37
(3,3) (4,3) 5
(4,3) (3,3) 27
(4,3) (5,3) 45
(5,3) (4,3) 30
(5,3) (6,3) 6
(6,3) (5,3) 19
(6,3) (7,3) 11
(7,3) (6,3) 26
(7,3) (8,3) 46
(8,3) (7,3) 2
(8,3) (9,3) 7
(9,3) (8,3) 36
(9,3) (10,3) 34
(10,3) (9,3) 23
(1,4) (2,4) 50
(2,4) (1,4) 5
(2,4) (3,4) 45
(3,4) (2,4) 17
(3,4) (4,4) 32
(4,4) (3,4) 38
(4,4) (5,4) 27
(5,4) (4,4) 46
(5,4) (6,4) 47
(6,4) (5,4) 26
(6,4) (7,4) 33
(7,4) (6,4) 2
(7,4) (8,4) 35
(8,4) (7,4) 36
(8,4) (9,4) 32
(9,4) (8,4) 8
(9,4) (10,4) 36
(10,4) (9,4) 16
(1,5) (2,5) 20
(2,5) (1,5) 41
(2,5) (3,5) 38
(3,5) (2,5) 14
(3,5) (4,5) 46
(4,5) (3,5) 27
(4,5) (5,5) 3
(5,5) (4,5) 33
(5,5) (6,5) 45
(6,5) (5,5) 44
(6,5) (7,5) 20
(7,5) (6,5) 17
(7,5) (8,5) 41
(8,5) (7,5) 31
(8,5) (9,5) 39
(9,5) (8,5) 41
(9,5) (10,5) 40
(10,5) (9,5) 17
(1,6) (2,6) 10
(2,6) (1,6) 42
(2,6) (3,6) 5
(3,6) (2,6) 18
(3,6) (4,6) 5
(4,6) (3,6) 12
(4,6) (5,6) 41
(5,6) (4,6) 47
(5,6) (6,6) 21
(6,6) (5,6) 40
(6,6) (7,6) 47
(7,6) (6,6) 43
(7,6) (8,6) 11
(8,6) (7,6) 3
(8,6) (9,6) 22
(9,6) (8,6) 35
(9,6) (10,6) 36
(10,6) (9,6) 23
(1,7) (2,7) 25
(2,7) (1,7) 40
(2,7) (3,7) 40
(3,7) (2,7) 6
(3,7) (4,7) 4
(4,7) (3,7) 8
(4,7) (5,7) 41
(5,7) (4,7) 25
(5,7) (6,7) 37
(6,7) (5,7) 41
(6,7) (7,7) 33
(7,7) (6,7) 26
(7,7) (8,7) 5
(8,7) (7,7) 39
(8,7) (9,7) 7
(9,7) (8,7) 14
(9,7) (10,7) 15
(10,7) (9,7) 27
(1,8) (2,8) 42
(2,8) (1,8) 32
(2,8) (3,8) 17
(3,8) (2,8) 31
(3,8) (4,8) 16
(4,8) (3,8) 46
(4,8) (5,8) 11
(5,8) (4,8) 43
(5,8) (6,8) 48
(6,8) (5,8) 18
(6,8) (7,8) 16
(7,8) (6,8) 11
(7,8) (8,8) 15
(8,8) (7,8) 44
(8,8) (9,8) 27
(9,8) (8,8) 14
(9,8) (10,8) 28
(10,8) (9,8) 49
(1,9) (2,9) 38
(2,9) (1,9) 41
(2,9) (3,9) 25
(3,9) (2,9) 5
(3,9) (4,9) 13
(4,9) (3,9) 19
(4,9) (5,9) 25
(5,9) (4,9) 39
(5,9) (6,9) 2
(6,9) (5,9) 5
(6,9) (7,9) 23
(7,9) (6,9) 7
(7,9) (8,9) 36
(8,9) (7,9) 30
(8,9) (9,9) 33
(9,9) (8,9) 10
(9,9) (10,9) 42
(10,9) (9,9) 3
(1,10) (2,10) 49
(2,10) (1,10) 43
(2,10) (3,10) 50
(3,10) (2,10) 47
(3,10) (4,10) 41
(4,10) (3,10) 21
(4,10) (5,10) 26
(5,10) (4,10) 26
(5,10) (6,10) 30
(6,10) (5,10) 7
(6,10) (7,10) 3
(7,10) (6,10) 15
(7,10) (8,10) 7
(8,10) (7,10) 31
(8,10) (9,10) 23
(9,10) (8,10) 6
(9,10) (10,10) 8
(10,10) (9,10) 28
(1,10) t 32
(2,10) t 48
(3,10) t 8
(4,10) t 34
(5,10) t 34
(6,10) t 37
(7,10) t 13
(8,10) t 38
(9,10) t 19
(10,10) t 5
