s 1 1
s 2 30
s 3 49
s 4 48
s 5 36
s 7 26
s 12 45
s 13 12
s 15 10
s 16 9
s 17 42
s 20 36
s 21 18
s 22 42
s 24 48
s 25 23
s 27 47
1 2 46
1 4 34
1 5 31
1 6 38
1 7 8
1 8 45
1 11 27
1 12 13
1 13 26
1 14 46
1 16 23
1 18 10
1 19 22
1 20 22
1 22 5
1 24 35
1 25 19
1 26 16
1 28 24
2 1 46
2 4 9
2 7 11
2 8 3
2 11 44
2 14 13
2 15 42
2 16 36
2 17 6
2 24 32
2 26 38
2 28 27
3 11 30
3 12 38
3 14 21
3 15 4
3 16 42
3 17 16
3 18 27
3 19 27
3 22 34
3 23 4
3 24 31
3 26 11
3 28 16
3 29 23
4 1 34
4 2 9
4 6 36
4 7 5
4 10 3
4 13 29
4 14 44
4 16 48
4 17 5
4 19 34
4 22 37
4 25 28
4 28 41
4 29 47
5 1 31
5 7 8
5 11 2
5 13 39
5 14 46
5 16 5
5 17 3
5 18 25
5 20 10
5 21 11
5 22 13
5 23 43
5 24 43
5 25 22
5 26 31
5 29 36
6 1 38
6 4 36
6 7 20
6 9 2
6 10 33
6 11 44
6 12 26
6 16 35
6 18 31
6 19 50
6 20 33
6 21 15
6 22 40
6 23 16
6 27 43
7 1 8
7 2 11
7 4 5
7 5 8
7 6 20
7 11 9
7 13 17
7 15 6
7 17 32
7 19 50
7 20 2
7 22 28
7 24 27
7 25 40
7 26 47
7 27 12
7 29 31
8 1 45
8 2 3
8 10 24
8 11 39
8 12 41
8 16 2
8 18 7
8 19 41
8 20 3
8 24 13
8 26 21
8 27 4
8 29 32
9 6 2
9 10 25
9 13 36
9 16 4
9 17 48
9 19 36
9 20 23
9 22 39
9 23 24
9 28 13
9 29 1
10 4 3
10 6 33
10 8 24
10 9 25
10 14 19
10 16 20
10 18 9
10 19 18
10 21 39
10 24 34
10 26 44
11 1 27
11 2 44
11 3 30
11 5 2
11 6 44
11 7 9
11 8 39
11 12 28
11 15 24
11 18 23
11 22 33
11 23 1
11 24 34
11 25 11
11 26 32
11 29 49
12 1 13
12 3 38
12 6 26
12 8 41
12 11 28
12 13 48
12 14 43
12 18 36
12 23 31
12 27 23
13 1 26
13 4 29
13 5 39
13 7 17
13 9 36
13 12 48
13 15 16
13 17 33
13 20 5
13 22 15
13 23 48
13 25 40
13 28 37
13 29 17
14 1 46
14 2 13
14 3 21
14 4 44
14 5 46
14 10 19
14 12 43
14 16 25
14 17 31
14 18 33
14 19 37
14 20 50
14 24 9
14 26 46
14 27 23
14 28 24
14 29 8
15 2 42
15 3 4
15 7 6
15 11 24
15 13 16
15 16 49
15 19 13
15 21 30
15 23 20
15 24 6
15 27 41
15 28 3
15 29 16
16 1 23
16 2 36
16 3 42
16 4 48
16 5 5
16 6 35
16 8 2
16 9 4
16 10 20
16 14 25
16 15 49
16 18 14
16 21 36
16 22 4
16 23 38
16 24 44
16 28 42
16 29 44
17 2 6
17 3 16
17 4 5
17 5 3
17 7 32
17 9 48
17 13 33
17 14 31
17 20 19
17 22 11
18 1 10
18 3 27
18 5 25
18 6 31
18 8 7
18 10 9
18 11 23
18 12 36
18 14 33
18 16 14
18 19 14
18 20 33
18 21 13
18 24 39
18 28 15
18 29 24
19 1 22
19 3 27
19 4 34
19 6 50
19 7 50
19 8 41
19 9 36
19 10 18
19 14 37
19 15 13
19 18 14
19 20 37
19 21 4
19 24 24
19 26 28
19 27 44
20 1 22
20 5 10
20 6 33
20 7 2
20 8 3
20 9 23
20 13 5
20 14 50
20 17 19
20 18 33
20 19 37
20 21 2
20 27 39
21 5 11
21 6 15
21 10 39
21 15 30
21 16 36
21 18 13
21 19 4
21 20 2
21 22 16
21 23 10
21 24 37
21 25 32
21 28 25
21 29 23
22 1 5
22 3 34
22 4 37
22 5 13
22 6 40
22 7 28
22 9 39
22 11 33
22 13 15
22 16 4
22 17 11
22 21 16
22 23 12
22 24 27
22 26 7
22 27 40
22 28 5
23 3 4
23 5 43
23 6 16
23 9 24
23 11 1
23 12 31
23 13 48
23 15 20
23 16 38
23 21 10
23 22 12
23 25 35
23 26 29
24 1 35
24 2 32
24 3 31
24 5 43
24 7 27
24 8 13
24 10 34
24 11 34
24 14 9
24 15 6
24 16 44
24 18 39
24 19 24
24 21 37
24 22 27
24 26 19
24 27 2
24 28 3
25 1 19
25 4 28
25 5 22
25 7 40
25 11 11
25 13 40
25 21 32
25 23 35
25 26 17
26 1 16
26 2 38
26 3 11
26 5 31
26 7 47
26 8 21
26 10 44
26 11 32
26 14 46
26 19 28
26 22 7
26 23 29
26 24 19
26 25 17
27 6 43
27 7 12
27 8 4
27 12 23
27 14 23
27 15 41
27 19 44
27 20 39
27 22 40
27 24 2
27 28 14
27 29 33
28 1 24
28 2 27
28 3 16
28 4 41
28 9 13
28 13 37
28 14 24
28 15 3
28 16 42
28 18 15
28 21 25
28 22 5
28 24 3
28 27 14
3 t 23
4 t 47
5 t 36
7 t 31
8 t 32
9 t 1
11 t 49
13 t 17
14 t 8
15 t 16
16 t 44
18 t 24
21 t 23
27 t 33
