s 3 24
s 10 19
s 13 6
s 14 22
s 15 13
s 16 28
s 21 4
s 22 24
s 24 8
s 25 11
s 26 9
s 27 15
s 28 29
s 29 10
s 30 17
s 32 27
s 33 3
s 37 6
s 38 22
s 40 7
s 41 28
s 43 23
s 44 27
s 45 13
s 46 15
s 47 21
s 49 26
s 51 23
s 52 5
s 53 5
s 54 6
s 55 5
s 57 2
s 60 9
s 64 6
s 70 12
s 74 10
s 76 15
s 78 3
s 79 8
s 80 17
s 82 1
s 83 9
s 84 17
s 85 3
s 87 14
s 88 24
s 90 6
s 94 11
s 95 29
s 97 25
1 2 8
1 4 1
1 6 27
1 8 26
1 13 28
1 19 19
1 21 7
1 23 3
1 29 8
1 32 7
1 33 17
1 40 20
1 42 2
1 44 28
1 45 20
1 49 22
1 51 3
1 53 23
1 54 4
1 55 16
1 61 1
1 62 12
1 64 5
1 67 10
1 73 30
1 76 12
1 78 18
1 80 26
1 82 29
1 83 8
1 84 3
1 86 11
1 87 4
1 93 20
1 94 30
1 95 6
1 96 19
1 97 29
1 98 2
1 99 14
2 1 8
2 5 16
2 6 4
2 7 11
2 8 23
2 10 28
2 20 9
2 21 29
2 22 29
2 23 21
2 25 6
2 28 12
2 29 21
2 32 9
2 34 26
2 36 6
2 37 1
2 38 24
2 40 17
2 41 4
2 42 5
2 43 21
2 44 26
2 45 29
2 47 5
2 50 19
2 52 2
2 54 10
2 55 13
2 58 21
2 59 27
2 60 5
2 63 10
2 64 1
2 65 20
2 67 12
2 68 25
2 70 6
2 71 24
2 77 18
2 78 28
2 79 21
2 82 22
2 84 24
2 85 19
2 86 20
2 87 16
2 90 2
2 91 8
2 95 20
2 96 4
2 97 22
2 99 14
3 4 2
3 5 28
3 7 18
3 8 18
3 12 22
3 13 30
3 16 27
3 18 9
3 19 6
3 20 22
3 21 16
3 24 10
3 25 9
3 28 27
3 34 7
3 35 2
3 36 19
3 37 6
3 40 3
3 42 30
3 46 14
3 47 22
3 51 5
3 52 16
3 55 30
3 56 17
3 59 29
3 61 7
3 62 1
3 64 3
3 66 8
3 70 4
3 72 6
3 75 20
3 78 2
3 79 2
3 80 21
3 81 18
3 83 4
3 84 2
3 87 8
3 88 19
3 89 21
3 92 21
3 93 23
3 94 19
3 95 1
3 96 15
3 98 5
3 99 14
4 1 1
4 3 2
4 5 26
4 6 5
4 8 10
4 13 29
4 14 10
4 15 11
4 16 28
4 18 28
4 19 29
4 22 7
4 24 22
4 34 17
4 35 16
4 36 12
4 37 14
4 38 24
4 40 4
4 44 16
4 45 29
4 47 1
4 53 19
4 54 10
4 55 6
4 57 28
4 58 22
4 64 29
4 65 1
4 67 11
4 69 11
4 71 9
4 72 6
4 73 10
4 75 16
4 76 26
4 77 5
4 79 4
4 81 9
4 82 14
4 83 10
4 84 23
4 87 22
4 88 26
4 92 28
4 95 26
4 97 14
4 98 8
5 2 16
5 3 28
5 4 26
5 6 18
5 7 27
5 9 25
5 12 14
5 13 16
5 15 2
5 16 23
5 18 12
5 19 8
5 22 2
5 26 8
5 30 18
5 31 21
5 32 9
5 34 15
5 35 19
5 37 22
5 38 12
5 41 1
5 43 6
5 44 17
5 45 5
5 48 18
5 50 14
5 51 30
5 53 2
5 55 5
5 56 19
5 57 2
5 63 25
5 64 29
5 67 22
5 70 22
5 71 19
5 75 1
5 77 18
5 78 20
5 79 5
5 81 1
5 82 15
5 86 12
5 87 18
5 89 2
5 90 21
5 91 11
5 92 10
5 93 1
5 95 18
5 96 8
6 1 27
6 2 4
6 4 5
6 5 18
6 7 28
6 8 11
6 9 13
6 10 12
6 12 29
6 13 5
6 15 10
6 16 19
6 17 22
6 18 12
6 19 14
6 21 14
6 22 1
6 24 7
6 25 22
6 30 23
6 31 26
6 35 5
6 36 12
6 38 10
6 40 5
6 42 29
6 44 25
6 46 5
6 50 27
6 51 23
6 54 9
6 55 5
6 56 17
6 57 25
6 58 22
6 59 28
6 61 6
6 75 19
6 77 23
6 78 23
6 79 6
6 80 15
6 81 22
6 85 28
6 87 25
6 90 20
6 92 29
6 94 11
6 95 26
6 97 19
6 99 24
7 2 11
7 3 18
7 5 27
7 6 28
7 8 7
7 10 5
7 13 3
7 14 12
7 16 24
7 18 12
7 24 17
7 25 4
7 27 14
7 31 21
7 33 27
7 35 14
7 38 11
7 41 2
7 42 15
7 44 2
7 45 26
7 46 11
7 49 12
7 51 13
7 55 3
7 56 14
7 57 12
7 60 16
7 61 27
7 62 29
7 64 23
7 65 4
7 67 21
7 69 9
7 72 6
7 73 27
7 75 8
7 76 18
7 80 27
7 83 27
7 84 14
7 86 19
7 87 11
7 91 1
7 93 28
7 94 17
7 96 1
7 99 18
8 1 26
8 2 23
8 3 18
8 4 10
8 6 11
8 7 7
8 9 19
8 10 12
8 12 12
8 13 29
8 14 22
8 17 3
8 19 23
8 20 25
8 21 16
8 25 2
8 26 27
8 29 15
8 32 12
8 33 12
8 35 3
8 37 13
8 38 1
8 40 16
8 45 5
8 46 2
8 47 12
8 49 28
8 50 12
8 51 30
8 52 18
8 53 3
8 54 15
8 55 29
8 56 17
8 58 1
8 60 9
8 61 7
8 63 4
8 65 24
8 68 29
8 69 17
8 70 6
8 71 25
8 73 19
8 74 8
8 77 13
8 80 21
8 82 7
8 84 20
8 85 1
8 88 25
8 89 10
8 92 14
8 93 6
8 97 25
8 98 4
9 5 25
9 6 13
9 8 19
9 11 14
9 17 28
9 18 1
9 20 2
9 21 12
9 24 19
9 27 14
9 30 14
9 32 4
9 33 19
9 34 9
9 38 9
9 41 17
9 42 2
9 45 18
9 47 28
9 48 12
9 49 12
9 50 1
9 51 8
9 55 18
9 60 5
9 62 10
9 64 4
9 68 24
9 70 23
9 71 11
9 73 22
9 74 18
9 79 12
9 80 13
9 82 24
9 83 18
9 84 12
9 87 15
9 88 14
9 90 14
9 91 15
9 92 13
9 93 4
9 94 6
9 97 7
9 98 11
10 2 28
10 6 12
10 7 5
10 8 12
10 12 8
10 13 27
10 14 9
10 16 24
10 17 30
10 18 28
10 19 28
10 21 1
10 27 8
10 29 23
10 30 1
10 32 14
10 34 19
10 35 23
10 38 27
10 39 5
10 41 10
10 43 24
10 44 9
10 48 5
10 49 12
10 50 30
10 51 15
10 57 3
10 60 17
10 61 2
10 62 13
10 63 9
10 65 25
10 67 14
10 68 18
10 72 23
10 79 27
10 82 11
10 84 22
10 85 8
10 87 27
10 89 23
10 90 22
10 91 25
10 92 15
10 94 25
10 96 18
10 97 10
10 99 23
11 9 14
11 13 3
11 15 26
11 16 12
11 17 28
11 19 27
11 21 3
11 22 12
11 24 8
11 25 2
11 27 2
11 31 21
11 33 25
11 34 30
11 35 24
11 38 5
11 40 21
11 42 27
11 44 24
11 48 23
11 52 18
11 53 8
11 54 21
11 55 23
11 58 27
11 60 20
11 66 9
11 67 28
11 68 28
11 69 8
11 73 21
11 75 20
11 77 7
11 79 19
11 80 29
11 81 15
11 82 27
11 83 5
11 89 27
11 92 10
11 93 18
11 94 5
11 98 24
12 3 22
12 5 14
12 6 29
12 8 12
12 10 8
12 14 8
12 16 8
12 17 18
12 18 12
12 19 24
12 22 30
12 23 21
12 27 20
12 28 30
12 29 3
12 31 9
12 32 22
12 33 22
12 34 30
12 35 2
12 36 12
12 37 1
12 38 30
12 39 5
12 42 3
12 43 10
12 44 28
12 45 2
12 47 22
12 49 18
12 51 23
12 52 9
12 63 26
12 64 28
12 65 17
12 66 16
12 67 6
12 69 1
12 70 3
12 72 11
12 73 9
12 74 9
12 75 7
12 76 4
12 77 19
12 80 3
12 82 23
12 85 29
12 87 24
12 88 21
12 92 1
12 94 22
12 95 1
12 97 28
12 98 1
12 99 19
13 1 28
13 3 30
13 4 29
13 5 16
13 6 5
13 7 3
13 8 29
13 10 27
13 11 3
13 14 12
13 15 27
13 18 12
13 20 10
13 21 30
13 24 19
13 25 28
13 27 25
13 29 30
13 32 30
13 33 5
13 34 5
13 36 6
13 40 4
13 41 7
13 42 6
13 43 28
13 45 17
13 46 24
13 47 15
13 49 21
13 50 4
13 53 14
13 56 21
13 59 23
13 60 12
13 61 16
13 62 29
13 64 24
13 72 9
13 73 12
13 74 21
13 77 15
13 78 25
13 81 14
13 82 2
13 83 1
13 86 12
13 88 20
13 89 16
13 92 16
13 94 23
13 98 11
13 99 24
14 4 10
14 7 12
14 8 22
14 10 9
14 12 8
14 13 12
14 15 10
14 16 1
14 19 5
14 27 4
14 29 2
14 30 19
14 31 22
14 33 21
14 34 22
14 36 5
14 38 2
14 39 25
14 40 23
14 41 27
14 42 9
14 45 7
14 46 28
14 48 2
14 50 29
14 51 20
14 52 14
14 53 29
14 54 3
14 56 20
14 58 28
14 59 27
14 62 20
14 63 27
14 64 24
14 65 14
14 66 19
14 71 20
14 73 2
14 74 23
14 75 30
14 77 30
14 78 15
14 82 1
14 88 12
14 90 24
14 91 20
14 93 7
14 94 8
14 95 28
14 98 1
15 4 11
15 5 2
15 6 10
15 11 26
15 13 27
15 14 10
15 17 24
15 18 6
15 21 14
15 22 13
15 23 24
15 24 5
15 25 29
15 29 16
15 30 1
15 31 20
15 34 11
15 36 27
15 37 8
15 38 10
15 39 23
15 40 24
15 41 21
15 42 18
15 48 19
15 50 1
15 58 5
15 59 12
15 60 17
15 61 24
15 62 19
15 64 29
15 67 1
15 69 17
15 70 12
15 73 29
15 80 15
15 82 17
15 83 3
15 85 22
15 86 21
15 87 27
15 89 15
15 90 25
15 92 21
15 96 8
15 97 11
15 98 30
15 99 10
16 3 27
16 4 28
16 5 23
16 6 19
16 7 24
16 10 24
16 11 12
16 12 8
16 14 1
16 17 17
16 21 3
16 22 30
16 23 30
16 24 12
16 25 4
16 26 22
16 28 17
16 29 3
16 31 29
16 34 16
16 35 9
16 36 13
16 40 23
16 41 23
16 42 24
16 44 23
16 45 16
16 46 11
16 47 11
16 49 2
16 50 17
16 51 27
16 53 22
16 58 3
16 60 9
16 61 9
16 63 21
16 68 21
16 72 20
16 74 8
16 75 10
16 78 29
16 81 24
16 82 12
16 83 7
16 84 28
16 85 24
16 87 19
16 89 21
16 91 2
16 96 19
16 97 18
16 98 6
17 6 22
17 8 3
17 9 28
17 10 30
17 11 28
17 12 18
17 15 24
17 16 17
17 19 13
17 22 14
17 23 14
17 26 6
17 28 17
17 33 8
17 34 20
17 35 3
17 37 14
17 39 4
17 40 16
17 46 6
17 49 22
17 50 23
17 51 24
17 54 13
17 57 29
17 58 24
17 60 9
17 61 5
17 62 25
17 68 24
17 69 8
17 71 13
17 72 8
17 74 22
17 76 26
17 77 7
17 78 19
17 80 23
17 81 9
17 82 14
17 84 16
17 86 20
17 91 5
17 93 30
17 95 4
17 96 9
17 97 11
17 98 29
18 3 9
18 4 28
18 5 12
18 6 12
18 7 12
18 9 1
18 10 28
18 12 12
18 13 12
18 15 6
18 21 16
18 22 13
18 23 3
18 26 8
18 27 5
18 28 9
18 29 13
18 31 23
18 35 29
18 37 2
18 38 8
18 39 2
18 40 11
18 41 14
18 43 23
18 44 25
18 47 24
18 49 15
18 50 4
18 51 27
18 52 3
18 54 11
18 56 11
18 58 25
18 62 16
18 64 3
18 68 6
18 70 30
18 75 8
18 79 19
18 81 19
18 82 5
18 83 12
18 84 19
18 86 11
18 87 3
18 89 3
18 90 28
18 92 13
18 94 18
18 96 5
19 1 19
19 3 6
19 4 29
19 5 8
19 6 14
19 8 23
19 10 28
19 11 27
19 12 24
19 14 5
19 17 13
19 21 19
19 23 8
19 25 11
19 26 22
19 27 18
19 28 9
19 37 6
19 38 26
19 39 2
19 42 8
19 43 15
19 44 20
19 46 15
19 47 19
19 53 9
19 59 29
19 60 8
19 64 18
19 65 18
19 66 5
19 67 15
19 69 11
19 70 5
19 71 8
19 74 15
19 78 2
19 80 5
19 81 20
19 83 23
19 84 10
19 88 1
19 91 5
19 92 30
19 94 12
19 97 30
19 99 10
20 2 9
20 3 22
20 8 25
20 9 2
20 13 10
20 24 27
20 26 20
20 27 7
20 28 24
20 29 24
20 30 1
20 31 15
20 32 29
20 33 29
20 34 3
20 35 9
20 38 16
20 41 10
20 44 13
20 46 23
20 48 4
20 52 26
20 53 3
20 54 19
20 56 6
20 59 7
20 60 23
20 61 15
20 62 14
20 64 2
20 66 16
20 68 6
20 69 20
20 70 30
20 75 17
20 77 26
20 79 24
20 80 22
20 81 15
20 83 6
20 86 27
20 88 27
20 89 19
20 90 29
20 91 23
20 93 8
20 98 17
21 1 7
21 2 29
21 3 16
21 6 14
21 8 16
21 9 12
21 10 1
21 11 3
21 13 30
21 15 14
21 16 3
21 18 16
21 19 19
21 22 21
21 23 7
21 25 12
21 27 9
21 30 12
21 32 13
21 33 14
21 34 26
21 35 21
21 37 19
21 39 30
21 41 11
21 43 12
21 46 13
21 48 22
21 50 19
21 51 16
21 52 15
21 53 22
21 54 24
21 55 12
21 56 18
21 57 17
21 58 3
21 61 14
21 62 4
21 64 27
21 73 13
21 74 24
21 75 29
21 80 18
21 82 7
21 90 11
21 91 10
21 92 27
21 93 3
21 96 12
21 98 5
22 2 29
22 4 7
22 5 2
22 6 1
22 11 12
22 12 30
22 15 13
22 16 30
22 17 14
22 18 13
22 21 21
22 24 30
22 26 28
22 27 11
22 28 6
22 29 15
22 30 10
22 32 4
22 37 23
22 38 15
22 42 23
22 45 15
22 49 1
22 52 17
22 54 17
22 56 2
22 57 16
22 58 21
22 61 9
22 62 9
22 63 5
22 66 14
22 67 5
22 69 28
22 71 8
22 76 2
22 77 23
22 80 20
22 83 25
22 85 22
22 88 8
22 91 14
22 97 5
22 98 7
22 99 2
23 1 3
23 2 21
23 12 21
23 15 24
23 16 30
23 17 14
23 18 3
23 19 8
23 21 7
23 24 29
23 28 7
23 31 8
23 34 4
23 35 19
23 36 15
23 40 12
23 41 26
23 43 3
23 44 28
23 48 30
23 49 18
23 53 16
23 54 16
23 55 23
23 59 28
23 63 24
23 64 9
23 65 6
23 67 13
23 69 23
23 71 30
23 72 27
23 73 17
23 75 18
23 76 6
23 79 12
23 81 7
23 82 14
23 83 14
23 84 24
23 89 16
23 90 19
23 92 26
23 93 9
23 94 6
23 96 22
23 98 24
24 3 10
24 4 22
24 6 7
24 7 17
24 9 19
24 11 8
24 13 19
24 15 5
24 16 12
24 20 27
24 22 30
24 23 29
24 26 28
24 29 28
24 31 7
24 33 9
24 34 4
24 35 21
24 38 19
24 39 2
24 40 4
24 42 19
24 44 15
24 46 17
24 47 7
24 48 9
24 50 22
24 51 5
24 53 10
24 54 22
24 56 27
24 57 16
24 58 5
24 62 8
24 65 1
24 66 19
24 67 23
24 70 17
24 73 16
24 79 13
24 80 15
24 81 23
24 82 28
24 83 4
24 84 27
24 86 23
24 87 26
24 88 24
24 89 2
24 90 15
24 93 15
24 94 24
24 96 19
24 98 21
24 99 15
25 2 6
25 3 9
25 6 22
25 7 4
25 8 2
25 11 2
25 13 28
25 15 29
25 16 4
25 19 11
25 21 12
25 27 4
25 29 11
25 30 22
25 31 16
25 32 8
25 35 8
25 36 7
25 39 14
25 40 6
25 41 12
25 42 3
25 44 15
25 45 5
25 47 4
25 48 6
25 50 1
25 51 9
25 54 1
25 55 10
25 56 12
25 58 3
25 59 28
25 62 1
25 63 6
25 64 3
25 66 10
25 67 10
25 68 7
25 72 21
25 73 23
25 75 24
25 79 7
25 81 11
25 83 5
25 89 28
25 90 27
25 93 27
25 94 21
25 97 27
26 5 8
26 8 27
26 16 22
26 17 6
26 18 8
26 19 22
26 20 20
26 22 28
26 24 28
26 27 2
26 30 28
26 31 19
26 32 1
26 35 22
26 36 28
26 37 16
26 41 8
26 43 11
26 44 3
26 46 13
26 47 6
26 48 14
26 49 18
26 52 13
26 53 23
26 54 6
26 55 5
26 56 15
26 58 27
26 60 30
26 62 27
26 63 19
26 65 3
26 72 7
26 73 16
26 75 7
26 79 3
26 80 17
26 84 12
26 85 23
26 88 28
26 89 28
26 95 20
26 96 29
26 97 18
27 7 14
27 9 14
27 10 8
27 11 2
27 12 20
27 13 25
27 14 4
27 18 5
27 19 18
27 20 7
27 21 9
27 22 11
27 25 4
27 26 2
27 30 13
27 36 10
27 37 8
27 38 3
27 40 30
27 42 30
27 44 6
27 46 30
27 47 3
27 51 23
27 53 16
27 56 29
27 58 10
27 68 12
27 70 9
27 79 15
27 80 8
27 81 12
27 82 13
27 84 1
27 85 16
27 86 30
27 90 8
27 91 30
27 94 11
27 98 15
28 2 12
28 3 27
28 12 30
28 16 17
28 17 17
28 18 9
28 19 9
28 20 24
28 22 6
28 23 7
28 29 16
28 30 25
28 32 13
28 36 21
28 37 29
28 38 28
28 39 10
28 44 27
28 48 12
28 49 11
28 51 1
28 53 12
28 54 15
28 57 16
28 60 30
28 63 15
28 68 20
28 69 17
28 70 17
28 74 15
28 75 12
28 78 30
28 80 7
28 81 20
28 87 16
28 92 6
28 93 28
28 95 9
28 96 4
28 97 28
28 99 5
29 1 8
29 2 21
29 8 15
29 10 23
29 12 3
29 13 30
29 14 2
29 15 16
29 16 3
29 18 13
29 20 24
29 22 15
29 24 28
29 25 11
29 28 16
29 31 16
29 34 11
29 38 25
29 42 25
29 43 25
29 44 17
29 49 29
29 51 23
29 52 3
29 55 30
29 56 17
29 57 8
29 61 4
29 63 29
29 65 25
29 67 6
29 68 25
29 70 17
29 71 29
29 75 12
29 78 15
29 85 14
29 86 4
29 90 21
29 91 29
29 92 5
29 93 23
29 95 6
29 96 23
29 97 10
29 98 5
29 99 8
30 5 18
30 6 23
30 9 14
30 10 1
30 14 19
30 15 1
30 20 1
30 21 12
30 22 10
30 25 22
30 26 28
30 27 13
30 28 25
30 31 8
30 34 2
30 35 24
30 36 1
30 39 29
30 40 7
30 41 26
30 44 11
30 45 28
30 46 23
30 47 23
30 48 23
30 49 10
30 51 29
30 53 30
30 57 10
30 58 3
30 59 28
30 62 16
30 63 18
30 64 10
30 65 8
30 67 30
30 68 18
30 69 13
30 70 2
30 74 29
30 75 2
30 78 9
30 83 8
30 85 9
30 86 23
30 92 27
30 96 10
30 99 26
31 5 21
31 6 26
31 7 21
31 11 21
31 12 9
31 14 22
31 15 20
31 16 29
31 18 23
31 20 15
31 23 8
31 24 7
31 25 16
31 26 19
31 29 16
31 30 8
31 32 30
31 33 5
31 34 26
31 35 8
31 37 27
31 40 1
31 43 10
31 44 4
31 45 1
31 46 30
31 47 26
31 52 19
31 55 24
31 59 17
31 61 2
31 63 13
31 64 4
31 67 24
31 69 22
31 70 24
31 75 13
31 76 5
31 79 3
31 81 25
31 82 9
31 83 22
31 84 28
31 86 30
31 87 27
31 92 22
31 94 10
31 95 4
31 96 16
31 98 29
31 99 5
32 1 7
32 2 9
32 5 9
32 8 12
32 9 4
32 10 14
32 12 22
32 13 30
32 20 29
32 21 13
32 22 4
32 25 8
32 26 1
32 28 13
32 31 30
32 34 29
32 35 12
32 36 29
32 37 26
32 39 14
32 40 16
32 41 12
32 45 18
32 48 8
32 50 28
32 57 28
32 61 26
32 63 7
32 64 5
32 65 7
32 67 10
32 68 7
32 69 5
32 70 10
32 72 30
32 73 20
32 76 9
32 78 10
32 85 25
32 86 2
32 88 3
32 89 25
32 91 18
32 92 8
32 94 2
32 95 21
32 96 22
33 1 17
33 7 27
33 8 12
33 9 19
33 11 25
33 12 22
33 13 5
33 14 21
33 17 8
33 20 29
33 21 14
33 24 9
33 31 5
33 34 30
33 41 5
33 43 25
33 45 13
33 47 24
33 48 10
33 49 11
33 53 22
33 54 13
33 62 7
33 63 14
33 64 23
33 70 22
33 71 21
33 72 20
33 73 7
33 76 5
33 80 17
33 82 6
33 83 12
33 84 10
33 95 1
33 97 2
33 98 23
34 2 26
34 3 7
34 4 17
34 5 15
34 9 9
34 10 19
34 11 30
34 12 30
34 13 5
34 14 22
34 15 11
34 16 16
34 17 20
34 20 3
34 21 26
34 23 4
34 24 4
34 29 11
34 30 2
34 31 26
34 32 29
34 33 30
34 37 22
34 39 21
34 40 1
34 42 23
34 48 10
34 54 7
34 55 25
34 57 19
34 63 7
34 65 8
34 68 27
34 69 11
34 75 1
34 76 27
34 80 4
34 82 20
34 89 29
34 91 14
34 99 28
35 3 2
35 4 16
35 5 19
35 6 5
35 7 14
35 8 3
35 10 23
35 11 24
35 12 2
35 16 9
35 17 3
35 18 29
35 20 9
35 21 21
35 23 19
35 24 21
35 25 8
35 26 22
35 30 24
35 31 8
35 32 12
35 36 7
35 37 28
35 38 17
35 41 29
35 46 10
35 47 29
35 48 26
35 51 2
35 52 29
35 53 12
35 55 16
35 56 1
35 60 30
35 62 1
35 63 27
35 66 26
35 67 10
35 69 5
35 70 27
35 72 30
35 75 16
35 77 18
35 78 1
35 79 11
35 81 22
35 85 3
35 87 13
35 89 2
35 90 3
35 92 18
35 93 3
35 95 13
35 96 22
36 2 6
36 3 19
36 4 12
36 6 12
36 12 12
36 13 6
36 14 5
36 15 27
36 16 13
36 23 15
36 25 7
36 26 28
36 27 10
36 28 21
36 30 1
36 32 29
36 35 7
36 40 22
36 41 24
36 42 28
36 43 16
36 44 26
36 47 1
36 48 12
36 50 16
36 52 21
36 53 18
36 61 26
36 62 8
36 64 26
36 65 27
36 68 13
36 69 12
36 72 28
36 73 17
36 74 4
36 75 14
36 76 8
36 81 6
36 82 12
36 85 26
36 86 7
36 90 28
36 91 2
36 92 14
36 93 3
36 96 21
36 97 28
36 98 1
36 99 26
37 2 1
37 3 6
37 4 14
37 5 22
37 8 13
37 12 1
37 15 8
37 17 14
37 18 2
37 19 6
37 21 19
37 22 23
37 26 16
37 27 8
37 28 29
37 31 27
37 32 26
37 34 22
37 35 28
37 38 14
37 39 2
37 40 26
37 41 14
37 42 14
37 44 14
37 45 25
37 46 20
37 50 25
37 53 15
37 55 19
37 56 19
37 58 16
37 60 17
37 62 26
37 63 5
37 64 8
37 65 5
37 67 20
37 68 29
37 70 2
37 71 7
37 73 8
37 75 1
37 76 14
37 83 25
37 86 26
37 87 21
37 88 5
37 92 29
37 95 29
38 2 24
38 4 24
38 5 12
38 6 10
38 7 11
38 8 1
38 9 9
38 10 27
38 11 5
38 12 30
38 14 2
38 15 10
38 18 8
38 19 26
38 20 16
38 22 15
38 24 19
38 27 3
38 28 28
38 29 25
38 35 17
38 37 14
38 39 12
38 40 13
38 42 29
38 46 29
38 47 19
38 50 27
38 56 7
38 57 19
38 59 3
38 61 29
38 62 25
38 67 14
38 71 29
38 73 27
38 77 20
38 78 9
38 81 16
38 83 30
38 84 5
38 86 20
38 90 10
38 92 10
38 95 18
38 96 12
38 97 16
39 10 5
39 12 5
39 14 25
39 15 23
39 17 4
39 18 2
39 19 2
39 21 30
39 24 2
39 25 14
39 28 10
39 30 29
39 32 14
39 34 21
39 37 2
39 38 12
39 41 24
39 42 22
39 43 12
39 44 14
39 45 21
39 46 10
39 47 30
39 48 14
39 49 16
39 50 17
39 51 21
39 53 10
39 57 27
39 60 25
39 62 16
39 64 17
39 65 29
39 66 1
39 69 24
39 74 29
39 76 5
39 77 25
39 78 20
39 81 21
39 82 5
39 86 19
39 89 14
39 90 23
39 95 28
39 96 9
39 97 23
40 1 20
40 2 17
40 3 3
40 4 4
40 6 5
40 8 16
40 11 21
40 13 4
40 14 23
40 15 24
40 16 23
40 17 16
40 18 11
40 23 12
40 24 4
40 25 6
40 27 30
40 30 7
40 31 1
40 32 16
40 34 1
40 36 22
40 37 26
40 38 13
40 41 5
40 42 11
40 43 30
40 45 20
40 47 22
40 48 24
40 51 12
40 52 1
40 53 4
40 55 7
40 56 8
40 57 5
40 59 17
40 60 4
40 63 10
40 69 16
40 71 21
40 73 14
40 74 19
40 75 14
40 77 7
40 79 11
40 81 1
40 85 3
40 90 22
40 93 4
40 94 27
40 98 2
40 99 4
41 2 4
41 5 1
41 7 2
41 9 17
41 10 10
41 13 7
41 14 27
41 15 21
41 16 23
41 18 14
41 20 10
41 21 11
41 23 26
41 25 12
41 26 8
41 30 26
41 32 12
41 33 5
41 35 29
41 36 24
41 37 14
41 39 24
41 40 5
41 45 28
41 46 14
41 47 27
41 48 20
41 50 15
41 53 19
41 54 16
41 55 18
41 56 1
41 58 19
41 61 26
41 62 15
41 64 8
41 69 14
41 70 21
41 71 16
41 73 17
41 78 6
41 79 26
41 80 5
41 83 14
41 87 14
41 88 30
41 89 14
41 90 12
41 92 14
41 93 12
41 94 21
41 96 8
41 97 11
42 1 2
42 2 5
42 3 30
42 6 29
42 7 15
42 9 2
42 11 27
42 12 3
42 13 6
42 14 9
42 15 18
42 16 24
42 19 8
42 22 23
42 24 19
42 25 3
42 27 30
42 29 25
42 34 23
42 36 28
42 37 14
42 38 29
42 39 22
42 40 11
42 43 9
42 47 19
42 51 25
42 54 17
42 57 8
42 58 15
42 60 30
42 63 1
42 65 3
42 68 3
42 69 11
42 73 3
42 75 7
42 78 30
42 79 9
42 81 14
42 83 18
42 86 16
42 88 15
42 90 1
42 93 19
42 95 17
42 97 10
42 98 3
42 99 5
43 2 21
43 5 6
43 10 24
43 12 10
43 13 28
43 18 23
43 19 15
43 21 12
43 23 3
43 26 11
43 29 25
43 31 10
43 33 25
43 36 16
43 39 12
43 40 30
43 42 9
43 45 1
43 53 28
43 57 10
43 58 20
43 59 23
43 60 25
43 67 17
43 69 22
43 71 23
43 73 21
43 74 2
43 77 7
43 78 14
43 79 21
43 80 28
43 81 18
43 85 14
43 89 4
43 91 15
43 92 23
43 94 27
43 95 12
43 98 23
43 99 13
44 1 28
44 2 26
44 4 16
44 5 17
44 6 25
44 7 2
44 10 9
44 11 24
44 12 28
44 16 23
44 18 25
44 19 20
44 20 13
44 23 28
44 24 15
44 25 15
44 26 3
44 27 6
44 28 27
44 29 17
44 30 11
44 31 4
44 36 26
44 37 14
44 39 14
44 46 1
44 47 9
44 48 5
44 49 22
44 52 27
44 53 23
44 55 12
44 56 5
44 58 11
44 66 17
44 67 26
44 69 28
44 71 10
44 72 22
44 74 23
44 75 27
44 77 20
44 83 2
44 84 6
44 85 16
44 87 16
44 89 10
44 90 4
44 92 28
44 94 21
44 96 13
44 99 8
45 1 20
45 2 29
45 4 29
45 5 5
45 7 26
45 8 5
45 9 18
45 12 2
45 13 17
45 14 7
45 16 16
45 22 15
45 25 5
45 30 28
45 31 1
45 32 18
45 33 13
45 37 25
45 39 21
45 40 20
45 41 28
45 43 1
45 48 18
45 53 9
45 54 24
45 57 22
45 58 23
45 61 1
45 64 12
45 65 7
45 66 28
45 69 13
45 70 3
45 74 5
45 75 22
45 77 20
45 79 2
45 82 24
45 83 28
45 85 7
45 88 15
45 90 17
45 91 4
45 93 21
45 97 24
46 3 14
46 6 5
46 7 11
46 8 2
46 13 24
46 14 28
46 16 11
46 17 6
46 19 15
46 20 23
46 21 13
46 24 17
46 26 13
46 27 30
46 30 23
46 31 30
46 35 10
46 37 20
46 38 29
46 39 10
46 41 14
46 44 1
46 47 15
46 48 1
46 49 14
46 50 14
46 51 13
46 52 23
46 53 3
46 55 27
46 56 9
46 57 19
46 59 14
46 61 11
46 62 1
46 64 8
46 66 29
46 67 1
46 68 21
46 73 5
46 75 17
46 77 11
46 80 6
46 81 18
46 83 12
46 84 29
46 87 9
46 89 9
46 91 5
46 92 15
46 94 24
46 95 30
46 98 29
47 2 5
47 3 22
47 4 1
47 8 12
47 9 28
47 12 22
47 13 15
47 16 11
47 18 24
47 19 19
47 24 7
47 25 4
47 26 6
47 27 3
47 30 23
47 31 26
47 33 24
47 35 29
47 36 1
47 38 19
47 39 30
47 40 22
47 41 27
47 42 19
47 44 9
47 46 15
47 49 7
47 50 20
47 54 5
47 56 1
47 61 30
47 63 19
47 66 15
47 68 23
47 73 17
47 76 2
47 77 21
47 78 30
47 79 26
47 82 23
47 83 18
47 84 22
47 87 13
47 93 19
47 95 2
47 99 21
48 5 18
48 9 12
48 10 5
48 11 23
48 14 2
48 15 19
48 20 4
48 21 22
48 23 30
48 24 9
48 25 6
48 26 14
48 28 12
48 30 23
48 32 8
48 33 10
48 34 10
48 35 26
48 36 12
48 39 14
48 40 24
48 41 20
48 44 5
48 45 18
48 46 1
48 51 8
48 52 6
48 53 22
48 54 2
48 59 26
48 60 22
48 61 13
48 62 9
48 63 19
48 65 5
48 66 1
48 68 12
48 69 29
48 70 12
48 71 7
48 72 7
48 73 23
48 74 12
48 77 5
48 79 28
48 80 14
48 84 23
48 85 15
48 89 18
48 90 11
48 97 17
48 98 5
49 1 22
49 7 12
49 8 28
49 9 12
49 10 12
49 12 18
49 13 21
49 16 2
49 17 22
49 18 15
49 22 1
49 23 18
49 26 18
49 28 11
49 29 29
49 30 10
49 33 11
49 39 16
49 44 22
49 46 14
49 47 7
49 51 6
49 54 11
49 55 10
49 57 8
49 59 2
49 61 22
49 62 2
49 64 27
49 65 7
49 66 25
49 67 6
49 69 28
49 74 30
49 75 17
49 76 27
49 77 19
49 78 18
49 79 29
49 80 18
49 81 26
49 83 25
49 84 15
49 89 25
49 92 19
49 93 17
49 95 30
49 97 30
49 98 30
49 99 19
50 2 19
50 5 14
50 6 27
50 8 12
50 9 1
50 10 30
50 13 4
50 14 29
50 15 1
50 16 17
50 17 23
50 18 4
50 21 19
50 24 22
50 25 1
50 32 28
50 36 16
50 37 25
50 38 27
50 39 17
50 41 15
50 46 14
50 47 20
50 54 5
50 57 13
50 58 19
50 60 30
50 61 26
50 65 16
50 66 13
50 68 20
50 69 6
50 70 1
50 71 1
50 72 19
50 75 8
50 76 2
50 78 13
50 79 15
50 80 23
50 82 21
50 83 30
50 84 12
50 85 13
50 89 10
50 90 17
50 91 24
50 94 1
50 97 4
51 1 3
51 3 5
51 5 30
51 6 23
51 7 13
51 8 30
51 9 8
51 10 15
51 12 23
51 14 20
51 16 27
51 17 24
51 18 27
51 21 16
51 24 5
51 25 9
51 27 23
51 28 1
51 29 23
51 30 29
51 35 2
51 39 21
51 40 12
51 42 25
51 46 13
51 48 8
51 49 6
51 52 28
51 53 11
51 54 19
51 56 28
51 57 4
51 58 12
51 63 2
51 64 18
51 68 6
51 71 30
51 74 23
51 75 19
51 81 17
51 82 12
51 84 5
51 85 6
51 87 21
51 89 12
51 90 5
51 93 1
51 95 30
51 96 9
51 97 6
51 98 30
52 2 2
52 3 16
52 8 18
52 11 18
52 12 9
52 14 14
52 18 3
52 20 26
52 21 15
52 22 17
52 26 13
52 29 3
52 31 19
52 35 29
52 36 21
52 40 1
52 44 27
52 46 23
52 48 6
52 51 28
52 53 26
52 55 1
52 56 17
52 58 6
52 60 6
52 61 14
52 62 29
52 65 11
52 67 1
52 68 2
52 69 16
52 70 24
52 72 23
52 75 3
52 76 1
52 77 1
52 78 18
52 79 10
52 81 20
52 83 22
52 84 4
52 88 14
52 89 29
52 90 6
52 91 21
52 94 21
52 96 10
53 1 23
53 4 19
53 5 2
53 8 3
53 11 8
53 13 14
53 14 29
53 16 22
53 19 9
53 20 3
53 21 22
53 23 16
53 24 10
53 26 23
53 27 16
53 28 12
53 30 30
53 33 22
53 35 12
53 36 18
53 37 15
53 39 10
53 40 4
53 41 19
53 43 28
53 44 23
53 45 9
53 46 3
53 48 22
53 51 11
53 52 26
53 55 16
53 56 14
53 58 16
53 59 16
53 62 3
53 63 10
53 65 27
53 66 21
53 68 18
53 73 13
53 76 26
53 77 26
53 79 2
53 81 26
53 84 28
53 87 11
53 93 7
53 94 21
53 95 15
53 96 19
53 97 16
53 98 20
54 1 4
54 2 10
54 4 10
54 6 9
54 8 15
54 11 21
54 14 3
54 17 13
54 18 11
54 20 19
54 21 24
54 22 17
54 23 16
54 24 22
54 25 1
54 26 6
54 28 15
54 33 13
54 34 7
54 41 16
54 42 17
54 45 24
54 47 5
54 48 2
54 49 11
54 50 5
54 51 19
54 57 12
54 59 20
54 60 6
54 61 20
54 63 25
54 66 30
54 67 13
54 69 9
54 71 8
54 74 24
54 76 2
54 77 16
54 81 14
54 82 18
54 83 13
54 88 29
54 89 4
54 92 1
54 94 22
54 96 13
54 99 10
55 1 16
55 2 13
55 3 30
55 4 6
55 5 5
55 6 5
55 7 3
55 8 29
55 9 18
55 11 23
55 21 12
55 23 23
55 25 10
55 26 5
55 29 30
55 31 24
55 34 25
55 35 16
55 37 19
55 40 7
55 41 18
55 44 12
55 46 27
55 49 10
55 52 1
55 53 16
55 56 20
55 57 12
55 58 17
55 59 3
55 60 12
55 67 30
55 69 18
55 70 18
55 71 21
55 72 2
55 73 6
55 77 1
55 82 9
55 84 22
55 85 25
55 86 22
55 87 5
55 90 3
55 91 13
55 97 24
56 3 17
56 5 19
56 6 17
56 7 14
56 8 17
56 13 21
56 14 20
56 18 11
56 20 6
56 21 18
56 22 2
56 24 27
56 25 12
56 26 15
56 27 29
56 29 17
56 35 1
56 37 19
56 38 7
56 40 8
56 41 1
56 44 5
56 46 9
56 47 1
56 51 28
56 52 17
56 53 14
56 55 20
56 58 13
56 59 16
56 61 25
56 68 20
56 72 26
56 73 21
56 75 29
56 76 6
56 79 14
56 82 21
56 86 29
56 88 4
56 90 7
56 91 29
56 93 24
56 94 9
56 95 1
57 4 28
57 5 2
57 6 25
57 7 12
57 10 3
57 17 29
57 21 17
57 22 16
57 24 16
57 28 16
57 29 8
57 30 10
57 32 28
57 34 19
57 38 19
57 39 27
57 40 5
57 42 8
57 43 10
57 45 22
57 46 19
57 49 8
57 50 13
57 51 4
57 54 12
57 55 12
57 59 6
57 60 17
57 61 5
57 72 2
57 79 20
57 80 26
57 81 30
57 84 19
57 85 18
57 86 28
57 93 19
57 94 25
57 97 14
58 2 21
58 4 22
58 6 22
58 8 1
58 11 27
58 14 28
58 15 5
58 16 3
58 17 24
58 18 25
58 21 3
58 22 21
58 24 5
58 25 3
58 26 27
58 27 10
58 30 3
58 37 16
58 41 19
58 42 15
58 43 20
58 44 11
58 45 23
58 50 19
58 51 12
58 52 6
58 53 16
58 55 17
58 56 13
58 61 16
58 62 8
58 64 26
58 67 28
58 68 8
58 69 18
58 70 25
58 73 9
58 74 25
58 75 27
58 76 15
58 80 13
58 90 1
58 91 15
58 93 5
58 95 26
58 98 26
58 99 10
59 2 27
59 3 29
59 6 28
59 13 23
59 14 27
59 15 12
59 19 29
59 20 7
59 23 28
59 25 28
59 30 28
59 31 17
59 38 3
59 40 17
59 43 23
59 46 14
59 48 26
59 49 2
59 53 16
59 54 20
59 55 3
59 56 16
59 57 6
59 60 18
59 61 20
59 62 10
59 63 12
59 64 21
59 67 7
59 68 14
59 69 11
59 70 22
59 71 18
59 72 30
59 73 22
59 74 29
59 76 11
59 78 7
59 82 1
59 84 25
59 85 10
59 86 18
59 88 14
59 89 26
59 90 12
59 91 13
59 92 30
60 2 5
60 7 16
60 8 9
60 9 5
60 10 17
60 11 20
60 13 12
60 15 17
60 16 9
60 17 9
60 19 8
60 20 23
60 26 30
60 28 30
60 35 30
60 37 17
60 39 25
60 40 4
60 42 30
60 43 25
60 48 22
60 50 30
60 52 6
60 54 6
60 55 12
60 57 17
60 59 18
60 61 19
60 62 8
60 65 25
60 66 13
60 69 19
60 70 21
60 71 15
60 72 15
60 76 26
60 77 20
60 78 5
60 79 20
60 81 24
60 82 28
60 85 27
60 86 10
60 88 15
60 90 10
60 91 20
60 96 1
60 97 3
60 99 4
61 1 1
61 3 7
61 6 6
61 7 27
61 8 7
61 10 2
61 13 16
61 15 24
61 16 9
61 17 5
61 20 15
61 21 14
61 22 9
61 29 4
61 31 2
61 32 26
61 36 26
61 38 29
61 41 26
61 45 1
61 46 11
61 47 30
61 48 13
61 49 22
61 50 26
61 52 14
61 54 20
61 56 25
61 57 5
61 58 16
61 59 20
61 60 19
61 62 1
61 63 16
61 64 21
61 67 7
61 68 2
61 72 16
61 73 13
61 74 21
61 76 1
61 78 17
61 81 6
61 82 3
61 83 15
61 84 15
61 85 21
61 87 9
61 88 5
61 89 25
61 91 3
61 92 25
61 93 10
61 96 16
61 97 5
61 99 7
62 1 12
62 3 1
62 7 29
62 9 10
62 10 13
62 13 29
62 14 20
62 15 19
62 17 25
62 18 16
62 20 14
62 21 4
62 22 9
62 24 8
62 25 1
62 26 27
62 30 16
62 33 7
62 35 1
62 36 8
62 37 26
62 38 25
62 39 16
62 41 15
62 46 1
62 48 9
62 49 2
62 52 29
62 53 3
62 58 8
62 59 10
62 60 8
62 61 1
62 63 29
62 64 1
62 66 21
62 69 18
62 70 13
62 71 22
62 72 5
62 73 16
62 74 7
62 75 20
62 76 26
62 79 30
62 81 24
62 82 23
62 85 23
62 87 16
62 88 27
62 89 25
62 92 30
62 93 12
62 94 3
62 97 19
62 99 24
63 2 10
63 5 25
63 8 4
63 10 9
63 12 26
63 14 27
63 16 21
63 22 5
63 23 24
63 25 6
63 26 19
63 28 15
63 29 29
63 30 18
63 31 13
63 32 7
63 33 14
63 34 7
63 35 27
63 37 5
63 40 10
63 42 1
63 47 19
63 48 19
63 51 2
63 53 10
63 54 25
63 59 12
63 61 16
63 62 29
63 64 9
63 65 7
63 66 21
63 67 2
63 69 12
63 70 29
63 72 12
63 73 27
63 74 28
63 77 15
63 78 8
63 80 7
63 81 20
63 84 28
63 85 2
63 89 30
63 91 6
63 92 29
63 93 21
63 95 20
63 97 14
63 98 29
63 99 3
64 1 5
64 2 1
64 3 3
64 4 29
64 5 29
64 7 23
64 9 4
64 12 28
64 13 24
64 14 24
64 15 29
64 18 3
64 19 18
64 20 2
64 21 27
64 23 9
64 25 3
64 30 10
64 31 4
64 32 5
64 33 23
64 36 26
64 37 8
64 39 17
64 41 8
64 45 12
64 46 8
64 49 27
64 51 18
64 58 26
64 59 21
64 61 21
64 62 1
64 63 9
64 66 30
64 69 28
64 71 30
64 72 4
64 74 8
64 76 9
64 80 27
64 81 27
64 83 22
64 86 14
64 90 21
64 91 4
64 95 10
64 97 5
64 99 6
65 2 20
65 4 1
65 7 4
65 8 24
65 10 25
65 12 17
65 14 14
65 19 18
65 23 6
65 24 1
65 26 3
65 29 25
65 30 8
65 32 7
65 34 8
65 36 27
65 37 5
65 39 29
65 42 3
65 45 7
65 48 5
65 49 7
65 50 16
65 52 11
65 53 27
65 60 25
65 63 7
65 66 23
65 70 29
65 73 5
65 76 22
65 77 2
65 78 10
65 79 2
65 81 5
65 82 25
65 86 2
65 87 27
65 89 25
65 92 15
65 94 30
65 95 8
65 96 11
65 97 30
65 99 22
66 3 8
66 11 9
66 12 16
66 14 19
66 19 5
66 20 16
66 22 14
66 24 19
66 25 10
66 35 26
66 39 1
66 44 17
66 45 28
66 46 29
66 47 15
66 48 1
66 49 25
66 50 13
66 53 21
66 54 30
66 60 13
66 62 21
66 63 21
66 64 30
66 65 23
66 72 23
66 74 12
66 75 7
66 76 21
66 77 20
66 78 14
66 79 1
66 80 28
66 82 29
66 89 25
66 90 15
66 91 14
66 92 14
66 93 25
66 94 3
66 98 13
66 99 20
67 1 10
67 2 12
67 4 11
67 5 22
67 7 21
67 10 14
67 11 28
67 12 6
67 15 1
67 19 15
67 22 5
67 23 13
67 24 23
67 25 10
67 29 6
67 30 30
67 31 24
67 32 10
67 35 10
67 37 20
67 38 14
67 43 17
67 44 26
67 46 1
67 49 6
67 52 1
67 54 13
67 55 30
67 58 28
67 59 7
67 61 7
67 63 2
67 69 11
67 70 10
67 71 19
67 72 19
67 73 26
67 74 1
67 75 1
67 81 21
67 82 22
67 83 17
67 84 30
67 86 23
67 88 8
67 89 29
67 90 20
67 92 28
67 93 5
67 94 21
67 97 29
67 99 15
68 2 25
68 8 29
68 9 24
68 10 18
68 11 28
68 16 21
68 17 24
68 18 6
68 20 6
68 25 7
68 27 12
68 28 20
68 29 25
68 30 18
68 32 7
68 34 27
68 36 13
68 37 29
68 42 3
68 46 21
68 47 23
68 48 12
68 50 20
68 51 6
68 52 2
68 53 18
68 56 20
68 58 8
68 59 14
68 61 2
68 74 8
68 76 5
68 77 27
68 78 20
68 80 17
68 81 2
68 82 5
68 84 2
68 87 25
68 88 4
68 90 21
68 91 3
68 95 1
68 97 8
68 98 15
68 99 15
69 4 11
69 7 9
69 8 17
69 11 8
69 12 1
69 15 17
69 17 8
69 19 11
69 20 20
69 22 28
69 23 23
69 28 17
69 30 13
69 31 22
69 32 5
69 34 11
69 35 5
69 36 12
69 39 24
69 40 16
69 41 14
69 42 11
69 43 22
69 44 28
69 45 13
69 48 29
69 49 28
69 50 6
69 52 16
69 54 9
69 55 18
69 58 18
69 59 11
69 60 19
69 62 18
69 63 12
69 64 28
69 67 11
69 74 21
69 75 19
69 77 5
69 80 16
69 81 8
69 82 27
69 83 17
69 86 19
69 88 24
69 89 17
69 92 7
69 94 28
69 96 18
69 97 18
70 2 6
70 3 4
70 5 22
70 8 6
70 9 23
70 12 3
70 15 12
70 18 30
70 19 5
70 20 30
70 24 17
70 27 9
70 28 17
70 29 17
70 30 2
70 31 24
70 32 10
70 33 22
70 35 27
70 37 2
70 41 21
70 45 3
70 48 12
70 50 1
70 52 24
70 55 18
70 58 25
70 59 22
70 60 21
70 62 13
70 63 29
70 65 29
70 67 10
70 71 17
70 72 10
70 74 14
70 75 7
70 76 23
70 78 17
70 79 13
70 80 22
70 85 3
70 86 16
70 87 12
70 93 25
70 96 21
70 98 22
70 99 3
71 2 24
71 4 9
71 5 19
71 8 25
71 9 11
71 14 20
71 17 13
71 19 8
71 22 8
71 23 30
71 29 29
71 33 21
71 37 7
71 38 29
71 40 21
71 41 16
71 43 23
71 44 10
71 48 7
71 50 1
71 51 30
71 54 8
71 55 21
71 59 18
71 60 15
71 62 22
71 64 30
71 67 19
71 70 17
71 72 21
71 76 3
71 79 20
71 81 14
71 82 3
71 84 7
71 87 17
71 89 20
71 91 9
71 92 10
71 97 16
71 99 5
72 3 6
72 4 6
72 7 6
72 10 23
72 12 11
72 13 9
72 16 20
72 17 8
72 23 27
72 25 21
72 26 7
72 32 30
72 33 20
72 35 30
72 36 28
72 44 22
72 48 7
72 50 19
72 52 23
72 55 2
72 56 26
72 57 2
72 59 30
72 60 15
72 61 16
72 62 5
72 63 12
72 64 4
72 66 23
72 67 19
72 70 10
72 71 21
72 74 27
72 76 18
72 79 26
72 81 16
72 88 22
72 90 7
72 91 7
72 92 3
72 94 28
72 97 22
73 1 30
73 4 10
73 7 27
73 8 19
73 9 22
73 11 21
73 12 9
73 13 12
73 14 2
73 15 29
73 21 13
73 23 17
73 24 16
73 25 23
73 26 16
73 32 20
73 33 7
73 36 17
73 37 8
73 38 27
73 40 14
73 41 17
73 42 3
73 43 21
73 46 5
73 47 17
73 48 23
73 53 13
73 55 6
73 56 21
73 58 9
73 59 22
73 61 13
73 62 16
73 63 27
73 65 5
73 67 26
73 74 27
73 80 10
73 81 6
73 83 30
73 85 27
73 90 8
73 93 4
73 94 18
73 95 14
73 96 17
73 97 28
73 98 28
73 99 3
74 8 8
74 9 18
74 12 9
74 13 21
74 14 23
74 16 8
74 17 22
74 19 15
74 21 24
74 28 15
74 30 29
74 36 4
74 39 29
74 40 19
74 43 2
74 44 23
74 45 5
74 48 12
74 49 30
74 51 23
74 54 24
74 58 25
74 59 29
74 61 21
74 62 7
74 63 28
74 64 8
74 66 12
74 67 1
74 68 8
74 69 21
74 70 14
74 72 27
74 73 27
74 76 26
74 78 14
74 82 28
74 84 12
74 85 3
74 86 24
74 87 8
74 88 30
74 89 25
74 93 5
74 95 2
74 97 16
75 3 20
75 4 16
75 5 1
75 6 19
75 7 8
75 11 20
75 12 7
75 14 30
75 16 10
75 18 8
75 20 17
75 21 29
75 23 18
75 25 24
75 26 7
75 28 12
75 29 12
75 30 2
75 31 13
75 34 1
75 35 16
75 36 14
75 37 1
75 40 14
75 42 7
75 44 27
75 45 22
75 46 17
75 49 17
75 50 8
75 51 19
75 52 3
75 56 29
75 58 27
75 62 20
75 66 7
75 67 1
75 69 19
75 70 7
75 77 15
75 84 10
75 86 14
75 88 6
75 90 20
75 91 9
75 97 14
75 99 3
76 1 12
76 4 26
76 7 18
76 12 4
76 17 26
76 22 2
76 23 6
76 31 5
76 32 9
76 33 5
76 34 27
76 36 8
76 37 14
76 39 5
76 47 2
76 49 27
76 50 2
76 52 1
76 53 26
76 54 2
76 56 6
76 58 15
76 59 11
76 60 26
76 61 1
76 62 26
76 64 9
76 65 22
76 66 21
76 68 5
76 70 23
76 71 3
76 72 18
76 74 26
76 79 27
76 81 10
76 82 10
76 88 15
76 89 21
76 90 4
76 91 5
76 92 27
76 94 27
76 97 28
77 2 18
77 4 5
77 5 18
77 6 23
77 8 13
77 11 7
77 12 19
77 13 15
77 14 30
77 17 7
77 20 26
77 22 23
77 35 18
77 38 20
77 39 25
77 40 7
77 43 7
77 44 20
77 45 20
77 46 11
77 47 21
77 48 5
77 49 19
77 52 1
77 53 26
77 54 16
77 55 1
77 60 20
77 63 15
77 65 2
77 66 20
77 68 27
77 69 5
77 75 15
77 78 4
77 79 15
77 81 14
77 85 3
77 86 19
77 87 11
77 88 1
77 89 27
77 92 17
77 94 16
77 96 4
77 97 1
77 98 17
77 99 16
78 1 18
78 2 28
78 3 2
78 5 20
78 6 23
78 13 25
78 14 15
78 16 29
78 17 19
78 19 2
78 28 30
78 29 15
78 30 9
78 32 10
78 35 1
78 38 9
78 39 20
78 41 6
78 42 30
78 43 14
78 47 30
78 49 18
78 50 13
78 52 18
78 59 7
78 60 5
78 61 17
78 63 8
78 65 10
78 66 14
78 68 20
78 70 17
78 74 14
78 77 4
78 79 9
78 80 16
78 82 9
78 85 6
78 87 9
78 90 18
78 91 26
78 94 20
78 97 5
79 2 21
79 3 2
79 4 4
79 5 5
79 6 6
79 9 12
79 10 27
79 11 19
79 18 19
79 20 24
79 23 12
79 24 13
79 25 7
79 26 3
79 27 15
79 31 3
79 35 11
79 40 11
79 41 26
79 42 9
79 43 21
79 45 2
79 47 26
79 48 28
79 49 29
79 50 15
79 52 10
79 53 2
79 56 14
79 57 20
79 60 20
79 62 30
79 65 2
79 66 1
79 70 13
79 71 20
79 72 26
79 76 27
79 77 15
79 78 9
79 81 23
79 82 19
79 84 17
79 85 29
79 87 17
79 88 6
79 90 19
79 91 9
79 92 2
79 93 19
79 95 5
79 97 28
79 98 16
80 1 26
80 3 21
80 6 15
80 7 27
80 8 21
80 9 13
80 11 29
80 12 3
80 15 15
80 17 23
80 19 5
80 20 22
80 21 18
80 22 20
80 24 15
80 26 17
80 27 8
80 28 7
80 33 17
80 34 4
80 41 5
80 43 28
80 46 6
80 48 14
80 49 18
80 50 23
80 57 26
80 58 13
80 63 7
80 64 27
80 66 28
80 68 17
80 69 16
80 70 22
80 73 10
80 78 16
80 81 6
80 85 21
80 86 24
80 87 3
80 89 15
80 91 23
80 92 21
80 93 21
81 3 18
81 4 9
81 5 1
81 6 22
81 11 15
81 13 14
81 16 24
81 17 9
81 18 19
81 19 20
81 20 15
81 23 7
81 24 23
81 25 11
81 27 12
81 28 20
81 31 25
81 35 22
81 36 6
81 38 16
81 39 21
81 40 1
81 42 14
81 43 18
81 46 18
81 49 26
81 51 17
81 52 20
81 53 26
81 54 14
81 57 30
81 60 24
81 61 6
81 62 24
81 63 20
81 64 27
81 65 5
81 67 21
81 68 2
81 69 8
81 71 14
81 72 16
81 73 6
81 76 10
81 77 14
81 79 23
81 80 6
81 82 30
81 83 19
81 85 2
81 86 14
81 90 9
81 91 24
81 92 3
81 93 25
81 94 14
81 97 24
81 98 23
81 99 15
82 1 29
82 2 22
82 4 14
82 5 15
82 8 7
82 9 24
82 10 11
82 11 27
82 12 23
82 13 2
82 14 1
82 15 17
82 16 12
82 17 14
82 18 5
82 21 7
82 23 14
82 24 28
82 27 13
82 31 9
82 33 6
82 34 20
82 36 12
82 39 5
82 45 24
82 47 23
82 50 21
82 51 12
82 54 18
82 55 9
82 56 21
82 59 1
82 60 28
82 61 3
82 62 23
82 65 25
82 66 29
82 67 22
82 68 5
82 69 27
82 71 3
82 74 28
82 76 10
82 78 9
82 79 19
82 81 30
82 83 16
82 84 28
82 86 1
82 88 15
82 89 30
82 91 23
82 93 24
82 94 9
82 97 25
82 98 25
82 99 5
83 1 8
83 3 4
83 4 10
83 7 27
83 9 18
83 11 5
83 13 1
83 15 3
83 16 7
83 18 12
83 19 23
83 20 6
83 22 25
83 23 14
83 24 4
83 25 5
83 30 8
83 31 22
83 33 12
83 37 25
83 38 30
83 41 14
83 42 18
83 44 2
83 45 28
83 46 12
83 47 18
83 49 25
83 50 30
83 52 22
83 54 13
83 61 15
83 64 22
83 67 17
83 69 17
83 73 30
83 81 19
83 82 16
83 84 21
83 85 27
83 86 6
83 88 29
83 92 10
83 93 16
83 94 2
84 1 3
84 2 24
84 3 2
84 4 23
84 7 14
84 8 20
84 9 12
84 10 22
84 16 28
84 17 16
84 18 19
84 19 10
84 23 24
84 24 27
84 26 12
84 27 1
84 31 28
84 33 10
84 38 5
84 44 6
84 46 29
84 47 22
84 48 23
84 49 15
84 50 12
84 51 5
84 52 4
84 53 28
84 55 22
84 57 19
84 59 25
84 61 15
84 63 28
84 67 30
84 68 2
84 71 7
84 74 12
84 75 10
84 79 17
84 82 28
84 83 21
84 86 25
84 88 16
84 89 27
84 90 25
84 91 12
84 92 15
84 95 13
84 97 9
84 98 25
85 2 19
85 6 28
85 8 1
85 10 8
85 12 29
85 15 22
85 16 24
85 22 22
85 26 23
85 27 16
85 29 14
85 30 9
85 32 25
85 35 3
85 36 26
85 40 3
85 43 14
85 44 16
85 45 7
85 48 15
85 50 13
85 51 6
85 55 25
85 57 18
85 59 10
85 60 27
85 61 21
85 62 23
85 63 2
85 70 3
85 73 27
85 74 3
85 77 3
85 78 6
85 79 29
85 80 21
85 81 2
85 83 27
85 86 9
85 88 19
85 89 13
85 91 22
85 93 13
85 94 21
85 95 21
86 1 11
86 2 20
86 5 12
86 7 19
86 13 12
86 15 21
86 17 20
86 18 11
86 20 27
86 24 23
86 27 30
86 29 4
86 30 23
86 31 30
86 32 2
86 36 7
86 37 26
86 38 20
86 39 19
86 42 16
86 55 22
86 56 29
86 57 28
86 59 18
86 60 10
86 64 14
86 65 2
86 67 23
86 69 19
86 70 16
86 74 24
86 75 14
86 77 19
86 80 24
86 81 14
86 82 1
86 83 6
86 84 25
86 85 9
86 87 20
86 91 10
86 94 8
86 95 15
86 96 5
86 98 3
86 99 22
87 1 4
87 2 16
87 3 8
87 4 22
87 5 18
87 6 25
87 7 11
87 9 15
87 10 27
87 12 24
87 15 27
87 16 19
87 18 3
87 24 26
87 28 16
87 31 27
87 35 13
87 37 21
87 41 14
87 44 16
87 46 9
87 47 13
87 51 21
87 53 11
87 55 5
87 61 9
87 62 16
87 65 27
87 68 25
87 70 12
87 71 17
87 74 8
87 77 11
87 78 9
87 79 17
87 80 3
87 86 20
87 88 4
87 90 24
87 91 21
87 92 5
87 93 10
87 94 16
87 96 22
87 98 24
87 99 22
88 3 19
88 4 26
88 8 25
88 9 14
88 12 21
88 13 20
88 14 12
88 19 1
88 20 27
88 22 8
88 24 24
88 26 28
88 32 3
88 37 5
88 41 30
88 42 15
88 45 15
88 52 14
88 54 29
88 56 4
88 59 14
88 60 15
88 61 5
88 62 27
88 67 8
88 68 4
88 69 24
88 72 22
88 74 30
88 75 6
88 76 15
88 77 1
88 79 6
88 82 15
88 83 29
88 84 16
88 85 19
88 87 4
88 89 20
88 90 13
88 92 21
88 93 26
88 98 7
89 3 21
89 5 2
89 8 10
89 10 23
89 11 27
89 13 16
89 15 15
89 16 21
89 18 3
89 20 19
89 23 16
89 24 2
89 25 28
89 26 28
89 32 25
89 34 29
89 35 2
89 39 14
89 41 14
89 43 4
89 44 10
89 46 9
89 48 18
89 49 25
89 50 10
89 51 12
89 52 29
89 54 4
89 59 26
89 61 25
89 62 25
89 63 30
89 65 25
89 66 25
89 67 29
89 69 17
89 71 20
89 74 25
89 76 21
89 77 27
89 80 15
89 82 30
89 84 27
89 85 13
89 88 20
89 93 10
89 95 2
89 96 22
89 99 29
90 2 2
90 5 21
90 6 20
90 9 14
90 10 22
90 14 24
90 15 25
90 18 28
90 20 29
90 21 11
90 23 19
90 24 15
90 25 27
90 27 8
90 29 21
90 35 3
90 36 28
90 38 10
90 39 23
90 40 22
90 41 12
90 42 1
90 44 4
90 45 17
90 48 11
90 50 17
90 51 5
90 52 6
90 55 3
90 56 7
90 58 1
90 59 12
90 60 10
90 64 21
90 66 15
90 67 20
90 68 21
90 72 7
90 73 8
90 75 20
90 76 4
90 78 18
90 79 19
90 81 9
90 84 25
90 87 24
90 88 13
90 91 3
90 92 26
90 95 20
90 97 5
91 2 8
91 5 11
91 7 1
91 9 15
91 10 25
91 14 20
91 16 2
91 17 5
91 19 5
91 20 23
91 21 10
91 22 14
91 27 30
91 29 29
91 32 18
91 34 14
91 36 2
91 43 15
91 45 4
91 46 5
91 50 24
91 52 21
91 55 13
91 56 29
91 58 15
91 59 13
91 60 20
91 61 3
91 63 6
91 64 4
91 66 14
91 68 3
91 71 9
91 72 7
91 75 9
91 76 5
91 78 26
91 79 9
91 80 23
91 81 24
91 82 23
91 84 12
91 85 22
91 86 10
91 87 21
91 90 3
91 93 27
91 94 19
91 95 20
91 98 1
92 3 21
92 4 28
92 5 10
92 6 29
92 8 14
92 9 13
92 10 15
92 11 10
92 12 1
92 13 16
92 15 21
92 18 13
92 19 30
92 21 27
92 23 26
92 28 6
92 29 5
92 30 27
92 31 22
92 32 8
92 35 18
92 36 14
92 37 29
92 38 10
92 41 14
92 43 23
92 44 28
92 46 15
92 49 19
92 54 1
92 59 30
92 61 25
92 62 30
92 63 29
92 65 15
92 66 14
92 67 28
92 69 7
92 71 10
92 72 3
92 76 27
92 77 17
92 79 2
92 80 21
92 81 3
92 83 10
92 84 15
92 87 5
92 88 21
92 90 26
92 93 14
92 94 28
92 95 10
92 97 20
92 98 6
93 1 20
93 3 23
93 5 1
93 7 28
93 8 6
93 9 4
93 11 18
93 14 7
93 17 30
93 20 8
93 21 3
93 23 9
93 24 15
93 25 27
93 28 28
93 29 23
93 35 3
93 36 3
93 40 4
93 41 12
93 42 19
93 45 21
93 47 19
93 49 17
93 51 1
93 53 7
93 56 24
93 57 19
93 58 5
93 61 10
93 62 12
93 63 21
93 66 25
93 67 5
93 70 25
93 73 4
93 74 5
93 79 19
93 80 21
93 81 25
93 82 24
93 83 16
93 85 13
93 87 10
93 88 26
93 89 10
93 91 27
93 92 14
93 97 25
93 98 21
94 1 30
94 3 19
94 6 11
94 7 17
94 9 6
94 10 25
94 11 5
94 12 22
94 13 23
94 14 8
94 18 18
94 19 12
94 23 6
94 24 24
94 25 21
94 27 11
94 31 10
94 32 2
94 40 27
94 41 21
94 43 27
94 44 21
94 46 24
94 50 1
94 52 21
94 53 21
94 54 22
94 56 9
94 57 25
94 62 3
94 65 30
94 66 3
94 67 21
94 69 28
94 72 28
94 73 18
94 76 27
94 77 16
94 78 20
94 81 14
94 82 9
94 83 2
94 85 21
94 86 8
94 87 16
94 91 19
94 92 28
94 95 5
94 99 17
95 1 6
95 2 20
95 3 1
95 4 26
95 5 18
95 6 26
95 12 1
95 14 28
95 17 4
95 26 20
95 28 9
95 29 6
95 31 4
95 32 21
95 33 1
95 35 13
95 37 29
95 38 18
95 39 28
95 42 17
95 43 12
95 46 30
95 47 2
95 49 30
95 51 30
95 53 15
95 56 1
95 58 26
95 63 20
95 64 10
95 65 8
95 68 1
95 73 14
95 74 2
95 79 5
95 84 13
95 85 21
95 86 15
95 89 2
95 90 20
95 91 20
95 92 10
95 94 5
95 98 12
95 99 8
96 1 19
96 2 4
96 3 15
96 5 8
96 7 1
96 10 18
96 15 8
96 16 19
96 17 9
96 18 5
96 21 12
96 23 22
96 24 19
96 26 29
96 28 4
96 29 23
96 30 10
96 31 16
96 32 22
96 35 22
96 36 21
96 38 12
96 39 9
96 41 8
96 44 13
96 51 9
96 52 10
96 53 19
96 54 13
96 60 1
96 61 16
96 65 11
96 69 18
96 70 21
96 73 17
96 77 4
96 86 5
96 87 22
96 89 22
96 97 19
97 1 29
97 2 22
97 4 14
97 6 19
97 8 25
97 9 7
97 10 10
97 12 28
97 15 11
97 16 18
97 17 11
97 19 30
97 22 5
97 25 27
97 26 18
97 28 28
97 29 10
97 33 2
97 36 28
97 38 16
97 39 23
97 41 11
97 42 10
97 45 24
97 48 17
97 49 30
97 50 4
97 51 6
97 53 16
97 55 24
97 57 14
97 60 3
97 61 5
97 62 19
97 63 14
97 64 5
97 65 30
97 67 29
97 68 8
97 69 18
97 71 16
97 72 22
97 73 28
97 74 16
97 75 14
97 76 28
97 77 1
97 78 5
97 79 28
97 81 24
97 82 25
97 84 9
97 90 5
97 92 20
97 93 25
97 96 19
97 98 21
97 99 9
98 1 2
98 3 5
98 4 8
98 8 4
98 9 11
98 11 24
98 12 1
98 13 11
98 14 1
98 15 30
98 16 6
98 17 29
98 20 17
98 21 5
98 22 7
98 23 24
98 24 21
98 27 15
98 29 5
98 31 29
98 33 23
98 36 1
98 40 2
98 42 3
98 43 23
98 46 29
98 48 5
98 49 30
98 51 30
98 53 20
98 58 26
98 63 29
98 66 13
98 68 15
98 70 22
98 73 28
98 77 17
98 79 16
98 81 23
98 82 25
98 84 25
98 86 3
98 87 24
98 88 7
98 91 1
98 92 6
98 93 21
98 95 12
98 97 21
1 t 14
2 t 14
3 t 14
6 t 24
7 t 18
10 t 23
12 t 19
13 t 24
15 t 10
19 t 10
22 t 2
24 t 15
28 t 5
29 t 8
30 t 26
31 t 5
34 t 28
36 t 26
40 t 4
42 t 5
43 t 13
44 t 8
47 t 21
49 t 19
54 t 10
58 t 10
60 t 4
61 t 7
62 t 24
63 t 3
64 t 6
65 t 22
66 t 20
67 t 15
68 t 15
70 t 3
71 t 5
73 t 3
75 t 3
77 t 16
81 t 15
82 t 5
86 t 22
87 t 22
89 t 29
94 t 17
95 t 8
97 t 9
