s 3 39
s 8 45
s 10 33
s 11 38
s 12 6
s 13 21
s 14 35
1 2 37
1 5 25
1 6 21
1 8 32
1 10 30
1 14 6
2 1 37
2 4 6
2 5 26
2 8 36
3 6 48
3 8 2
3 9 7
3 10 50
3 11 22
3 13 43
3 14 5
4 2 6
4 6 40
4 7 5
4 10 24
4 11 2
4 12 25
4 13 11
5 1 25
5 2 26
5 6 46
5 10 17
5 13 3
5 14 10
6 1 21
6 3 48
6 4 40
6 5 46
6 8 31
6 9 33
6 12 17
6 13 26
7 4 5
7 10 31
7 13 35
7 14 17
8 1 32
8 2 36
8 3 2
8 6 31
8 10 11
8 11 24
8 12 43
8 13 41
8 14 9
9 3 7
9 6 33
9 12 10
9 14 29
10 1 30
10 3 50
10 4 24
10 5 17
10 7 31
10 8 11
10 12 26
10 13 45
10 14 45
11 3 22
11 4 2
11 8 24
11 12 46
12 4 25
12 6 17
12 8 43
12 9 10
12 10 26
12 11 46
12 13 23
12 14 26
13 3 43
13 4 11
13 5 3
13 6 26
13 7 35
13 8 41
13 10 45
13 12 23
1 t 6
3 t 5
5 t 10
7 t 17
8 t 9
9 t 29
10 t 45
12 t 26
