s 1 35
s 2 4
s 5 38
s 9 34
s 10 35
s 11 33
s 12 6
s 14 44
s 19 13
s 20 17
1 3 5
1 6 33
1 7 45
1 10 7
1 11 17
1 15 26
1 16 18
1 20 10
2 5 22
2 6 49
2 7 19
2 9 15
2 11 4
2 14 26
2 18 8
2 19 32
3 1 5
3 4 10
3 6 48
3 9 38
3 14 9
3 17 40
3 18 41
3 19 19
3 20 48
4 3 10
4 7 17
4 10 24
4 11 13
4 12 9
4 13 6
4 15 29
4 16 48
4 17 12
4 18 33
4 19 44
5 2 22
5 15 32
5 16 19
5 17 35
5 18 42
5 20 34
6 1 33
6 2 49
6 3 48
6 7 6
6 9 50
6 10 39
6 11 24
6 12 25
6 13 24
6 14 36
6 18 22
6 19 9
6 20 25
7 1 45
7 2 19
7 4 17
7 6 6
7 9 33
7 10 48
7 11 5
7 13 5
7 16 46
7 17 3
7 19 12
8 9 5
8 12 47
8 14 21
8 15 30
8 17 41
8 18 30
8 19 41
8 20 3
9 2 15
9 3 38
9 6 50
9 7 33
9 8 5
9 10 35
9 11 1
9 12 1
9 15 31
9 19 26
10 1 7
10 4 24
10 6 39
10 7 48
10 9 35
10 12 28
10 13 50
10 15 33
10 18 35
10 19 37
10 20 10
11 1 17
11 2 4
11 4 13
11 6 24
11 7 5
11 9 1
11 13 24
11 15 21
11 16 27
11 19 44
11 20 9
12 4 9
12 6 25
12 8 47
12 9 1
12 10 28
12 13 43
12 14 35
12 17 29
12 18 5
12 20 49
13 4 6
13 6 24
13 7 5
13 10 50
13 11 24
13 12 43
13 14 40
13 15 17
13 16 6
13 18 17
13 20 29
14 2 26
14 3 9
14 6 36
14 8 21
14 12 35
14 13 40
14 15 48
14 18 38
14 19 25
14 20 15
15 1 26
15 4 29
15 5 32
15 8 30
15 9 31
15 10 33
15 11 21
15 13 17
15 14 48
15 19 25
16 1 18
16 4 48
16 5 19
16 7 46
16 11 27
16 13 6
16 17 21
17 3 40
17 4 12
17 5 35
17 7 3
17 8 41
17 12 29
17 16 21
17 19 42
17 20 24
18 2 8
18 3 41
18 4 33
18 5 42
18 6 22
18 8 30
18 10 35
18 12 5
18 13 17
18 14 38
19 2 32
19 3 19
19 4 44
19 6 9
19 7 12
19 8 41
19 9 26
19 10 37
19 11 44
19 14 25
19 15 25
19 17 42
19 20 37
1 t 10
3 t 48
5 t 34
6 t 25
8 t 3
10 t 10
11 t 9
12 t 49
13 t 29
14 t 15
17 t 24
19 t 37
